1e+12,1,1.4743e-07,1.4743e-07
9.84011e+11,1,1.52256e-07,1.52256e-07
9.68278e+11,1,1.5724e-07,1.5724e-07
9.52796e+11,1,1.62387e-07,1.62387e-07
9.37562e+11,1,1.67703e-07,1.67703e-07
9.22571e+11,1,1.73192e-07,1.73192e-07
9.07821e+11,1,1.78862e-07,1.78862e-07
8.93305e+11,1,1.84716e-07,1.84716e-07
8.79023e+11,1,1.90763e-07,1.90763e-07
8.64968e+11,1,1.97007e-07,1.97007e-07
8.51138e+11,1,2.03455e-07,2.03455e-07
8.37529e+11,1,2.10114e-07,2.10114e-07
8.24138e+11,1,2.16991e-07,2.16991e-07
8.10961e+11,1,2.24094e-07,2.24094e-07
7.97995e+11,1,2.31428e-07,2.31428e-07
7.85236e+11,1,2.39002e-07,2.39002e-07
7.72681e+11,1,2.46825e-07,2.46825e-07
7.60326e+11,0.999999,2.54903e-07,2.54903e-07
7.4817e+11,0.999999,2.63245e-07,2.63245e-07
7.36207e+11,0.999999,2.7186e-07,2.7186e-07
7.24436e+11,0.999999,2.80757e-07,2.80757e-07
7.12853e+11,0.999999,2.89945e-07,2.89945e-07
7.01455e+11,0.999999,2.99434e-07,2.99434e-07
6.9024e+11,0.999999,3.09232e-07,3.09232e-07
6.79204e+11,0.999999,3.19352e-07,3.19352e-07
6.68344e+11,0.999999,3.29802e-07,3.29802e-07
6.57658e+11,0.999999,3.40594e-07,3.40594e-07
6.47143e+11,0.999999,3.51739e-07,3.51739e-07
6.36796e+11,0.999999,3.63248e-07,3.63248e-07
6.26614e+11,0.999999,3.75134e-07,3.75134e-07
6.16595e+11,0.999999,3.87408e-07,3.87408e-07
6.06736e+11,0.999999,4.00084e-07,4.00084e-07
5.97035e+11,0.999999,4.13174e-07,4.13174e-07
5.87489e+11,0.999999,4.26693e-07,4.26693e-07
5.78096e+11,0.999999,4.40653e-07,4.40653e-07
5.68853e+11,0.999999,4.55069e-07,4.55069e-07
5.59758e+11,0.999999,4.69957e-07,4.69957e-07
5.50808e+11,0.999999,4.85332e-07,4.85332e-07
5.42001e+11,0.999999,5.01209e-07,5.01209e-07
5.33335e+11,0.999999,5.17605e-07,5.17605e-07
5.24807e+11,0.999999,5.34538e-07,5.34538e-07
5.16416e+11,0.999999,5.52023e-07,5.52023e-07
5.08159e+11,0.999999,5.70081e-07,5.70081e-07
5.00035e+11,0.999999,5.88728e-07,5.88728e-07
4.9204e+11,0.999999,6.07985e-07,6.07985e-07
4.84172e+11,0.999999,6.27871e-07,6.27871e-07
4.76431e+11,0.999999,6.48407e-07,6.48407e-07
4.68813e+11,0.999999,6.69615e-07,6.69615e-07
4.61318e+11,0.999999,6.91515e-07,6.91515e-07
4.53942e+11,0.999999,7.14131e-07,7.14131e-07
4.46684e+11,0.999999,7.37486e-07,7.37486e-07
4.39542e+11,0.999998,7.61604e-07,7.61604e-07
4.32514e+11,0.999998,7.8651e-07,7.8651e-07
4.25598e+11,0.999998,8.1223e-07,8.1223e-07
4.18794e+11,0.999998,8.3879e-07,8.3879e-07
4.12098e+11,0.999998,8.66217e-07,8.66217e-07
4.05509e+11,0.999998,8.94541e-07,8.94541e-07
3.99025e+11,0.999998,9.23789e-07,9.23789e-07
3.92645e+11,0.999998,9.53993e-07,9.53993e-07
3.86367e+11,0.999998,9.85184e-07,9.85184e-07
3.80189e+11,0.999998,1.01739e-06,1.01739e-06
3.74111e+11,0.999998,1.05065e-06,1.05065e-06
3.68129e+11,0.999998,1.085e-06,1.085e-06
3.62243e+11,0.999998,1.12047e-06,1.12047e-06
3.56451e+11,0.999998,1.1571e-06,1.1571e-06
3.50752e+11,0.999998,1.19492e-06,1.19492e-06
3.45144e+11,0.999998,1.23398e-06,1.23398e-06
3.39625e+11,0.999997,1.27431e-06,1.27431e-06
3.34195e+11,0.999997,1.31596e-06,1.31596e-06
3.28852e+11,0.999997,1.35897e-06,1.35897e-06
3.23594e+11,0.999997,1.40338e-06,1.40338e-06
3.1842e+11,0.999997,1.44925e-06,1.44925e-06
3.13329e+11,0.999997,1.49661e-06,1.49661e-06
3.08319e+11,0.999997,1.54551e-06,1.54551e-06
3.03389e+11,0.999997,1.59601e-06,1.59601e-06
2.98538e+11,0.999997,1.64816e-06,1.64816e-06
2.93765e+11,0.999997,1.70201e-06,1.70201e-06
2.89068e+11,0.999996,1.75762e-06,1.75762e-06
2.84446e+11,0.999996,1.81504e-06,1.81504e-06
2.79898e+11,0.999996,1.87434e-06,1.87434e-06
2.75423e+11,0.999996,1.93556e-06,1.93556e-06
2.71019e+11,0.999996,1.99879e-06,1.99879e-06
2.66686e+11,0.999996,2.06408e-06,2.06408e-06
2.62422e+11,0.999996,2.1315e-06,2.1315e-06
2.58226e+11,0.999996,2.20111e-06,2.20111e-06
2.54097e+11,0.999995,2.273e-06,2.273e-06
2.50035e+11,0.999995,2.34723e-06,2.34723e-06
2.46037e+11,0.999995,2.42388e-06,2.42388e-06
2.42103e+11,0.999995,2.50302e-06,2.50302e-06
2.38232e+11,0.999995,2.58475e-06,2.58475e-06
2.34423e+11,0.999995,2.66914e-06,2.66914e-06
2.30675e+11,0.999994,2.75629e-06,2.75629e-06
2.26986e+11,0.999994,2.84627e-06,2.84627e-06
2.23357e+11,0.999994,2.93918e-06,2.93918e-06
2.19786e+11,0.999994,3.03512e-06,3.03512e-06
2.16272e+11,0.999994,3.13419e-06,3.13419e-06
2.12814e+11,0.999994,3.23648e-06,3.23648e-06
2.09411e+11,0.999993,3.34211e-06,3.34211e-06
2.06063e+11,0.999993,3.45118e-06,3.45118e-06
2.02768e+11,0.999993,3.56379e-06,3.56379e-06
1.99526e+11,0.999993,3.68008e-06,3.68008e-06
1.96336e+11,0.999992,3.80015e-06,3.80015e-06
1.93197e+11,0.999992,3.92413e-06,3.92413e-06
1.90108e+11,0.999992,4.05214e-06,4.05214e-06
1.87068e+11,0.999992,4.18433e-06,4.18433e-06
1.84077e+11,0.999991,4.32081e-06,4.32081e-06
1.81134e+11,0.999991,4.46173e-06,4.46173e-06
1.78238e+11,0.999991,4.60724e-06,4.60724e-06
1.75388e+11,0.99999,4.75749e-06,4.75749e-06
1.72584e+11,0.99999,4.91262e-06,4.91262e-06
1.69824e+11,0.99999,5.07279e-06,5.07279e-06
1.67109e+11,0.99999,5.23818e-06,5.23818e-06
1.64437e+11,0.999989,5.40894e-06,5.40894e-06
1.61808e+11,0.999989,5.58526e-06,5.58526e-06
1.59221e+11,0.999988,5.7673e-06,5.7673e-06
1.56675e+11,0.999988,5.95527e-06,5.95527e-06
1.5417e+11,0.999988,6.14934e-06,6.14934e-06
1.51705e+11,0.999987,6.34972e-06,6.34972e-06
1.49279e+11,0.999987,6.55661e-06,6.55661e-06
1.46893e+11,0.999986,6.77022e-06,6.77022e-06
1.44544e+11,0.999986,6.99076e-06,6.99076e-06
1.42233e+11,0.999986,7.21847e-06,7.21847e-06
1.39959e+11,0.999985,7.45358e-06,7.45358e-06
1.37721e+11,0.999985,7.69631e-06,7.69631e-06
1.35519e+11,0.999984,7.94692e-06,7.94692e-06
1.33352e+11,0.999984,8.20567e-06,8.20567e-06
1.3122e+11,0.999983,8.47282e-06,8.47282e-06
1.29122e+11,0.999983,8.74863e-06,8.74863e-06
1.27057e+11,0.999982,9.03338e-06,9.03338e-06
1.25026e+11,0.999981,9.32737e-06,9.32737e-06
1.23027e+11,0.999981,9.6309e-06,9.6309e-06
1.2106e+11,0.99998,9.94426e-06,9.94426e-06
1.19124e+11,0.999979,1.02678e-05,1.02678e-05
1.1722e+11,0.999979,1.06018e-05,1.06018e-05
1.15345e+11,0.999978,1.09466e-05,1.09466e-05
1.13501e+11,0.999977,1.13026e-05,1.13026e-05
1.11686e+11,0.999977,1.16701e-05,1.16701e-05
1.09901e+11,0.999976,1.20496e-05,1.20496e-05
1.08143e+11,0.999975,1.24413e-05,1.24413e-05
1.06414e+11,0.999974,1.28457e-05,1.28457e-05
1.04713e+11,0.999973,1.32632e-05,1.32632e-05
1.03039e+11,0.999973,1.36941e-05,1.36941e-05
1.01391e+11,0.999972,1.41391e-05,1.41391e-05
9.977e+10,0.999971,1.45984e-05,1.45984e-05
9.81748e+10,0.99997,1.50725e-05,1.50725e-05
9.66051e+10,0.999969,1.5562e-05,1.5562e-05
9.50605e+10,0.999968,1.60673e-05,1.60673e-05
9.35406e+10,0.999967,1.6589e-05,1.6589e-05
9.2045e+10,0.999966,1.71274e-05,1.71274e-05
9.05733e+10,0.999965,1.76833e-05,1.76833e-05
8.91251e+10,0.999963,1.82571e-05,1.82571e-05
8.77001e+10,0.999962,1.88494e-05,1.88494e-05
8.62979e+10,0.999961,1.94609e-05,1.94609e-05
8.4918e+10,0.99996,2.0092e-05,2.0092e-05
8.35603e+10,0.999959,2.07435e-05,2.07435e-05
8.22243e+10,0.999957,2.1416e-05,2.1416e-05
8.09096e+10,0.999956,2.21102e-05,2.21102e-05
7.96159e+10,0.999954,2.28268e-05,2.28268e-05
7.8343e+10,0.999953,2.35664e-05,2.35664e-05
7.70903e+10,0.999951,2.43298e-05,2.43298e-05
7.58578e+10,0.99995,2.51178e-05,2.51178e-05
7.46449e+10,0.999948,2.59312e-05,2.59312e-05
7.34514e+10,0.999946,2.67707e-05,2.67707e-05
7.2277e+10,0.999945,2.76372e-05,2.76372e-05
7.11214e+10,0.999943,2.85315e-05,2.85315e-05
6.99842e+10,0.999941,2.94546e-05,2.94546e-05
6.88652e+10,0.999939,3.04073e-05,3.04073e-05
6.77642e+10,0.999937,3.13906e-05,3.13906e-05
6.66807e+10,0.999935,3.24055e-05,3.24055e-05
6.56145e+10,0.999933,3.34529e-05,3.34529e-05
6.45654e+10,0.999931,3.45339e-05,3.45339e-05
6.35331e+10,0.999929,3.56496e-05,3.56496e-05
6.25173e+10,0.999926,3.6801e-05,3.6801e-05
6.15177e+10,0.999924,3.79892e-05,3.79892e-05
6.05341e+10,0.999922,3.92155e-05,3.92155e-05
5.95662e+10,0.999919,4.04811e-05,4.04811e-05
5.86138e+10,0.999916,4.17871e-05,4.17871e-05
5.76766e+10,0.999914,4.31348e-05,4.31348e-05
5.67545e+10,0.999911,4.45257e-05,4.45257e-05
5.5847e+10,0.999908,4.59609e-05,4.59609e-05
5.49541e+10,0.999905,4.74419e-05,4.74419e-05
5.40754e+10,0.999902,4.89702e-05,4.89702e-05
5.32108e+10,0.999899,5.05472e-05,5.05472e-05
5.236e+10,0.999896,5.21745e-05,5.21745e-05
5.15229e+10,0.999892,5.38536e-05,5.38536e-05
5.06991e+10,0.999889,5.55861e-05,5.55861e-05
4.98884e+10,0.999885,5.73738e-05,5.73738e-05
4.90908e+10,0.999882,5.92183e-05,5.92183e-05
4.83059e+10,0.999878,6.11214e-05,6.11214e-05
4.75335e+10,0.999874,6.30849e-05,6.30849e-05
4.67735e+10,0.99987,6.51108e-05,6.51108e-05
4.60257e+10,0.999866,6.72009e-05,6.72009e-05
4.52898e+10,0.999861,6.93572e-05,6.93572e-05
4.45656e+10,0.999857,7.15819e-05,7.15819e-05
4.38531e+10,0.999852,7.38769e-05,7.38769e-05
4.31519e+10,0.999848,7.62446e-05,7.62446e-05
4.2462e+10,0.999843,7.8687e-05,7.8687e-05
4.1783e+10,0.999838,8.12066e-05,8.12066e-05
4.1115e+10,0.999832,8.38057e-05,8.38057e-05
4.04576e+10,0.999827,8.64868e-05,8.64868e-05
3.98107e+10,0.999821,8.92524e-05,8.92524e-05
3.91742e+10,0.999816,9.2105e-05,9.2105e-05
3.85478e+10,0.99981,9.50473e-05,9.50473e-05
3.79315e+10,0.999804,9.80821e-05,9.80821e-05
3.7325e+10,0.999798,0.000101212,0.000101212
3.67282e+10,0.999791,0.00010444,0.00010444
3.6141e+10,0.999784,0.00010777,0.00010777
3.55631e+10,0.999778,0.000111204,0.000111204
3.49945e+10,0.999771,0.000114745,0.000114745
3.4435e+10,0.999763,0.000118397,0.000118397
3.38844e+10,0.999756,0.000122162,0.000122162
3.33426e+10,0.999748,0.000126046,0.000126046
3.28095e+10,0.99974,0.00013005,0.00013005
3.22849e+10,0.999732,0.000134179,0.000134179
3.17687e+10,0.999723,0.000138436,0.000138436
3.12608e+10,0.999714,0.000142825,0.000142825
3.0761e+10,0.999705,0.000147351,0.000147351
3.02691e+10,0.999696,0.000152016,0.000152016
2.97852e+10,0.999686,0.000156826,0.000156826
2.93089e+10,0.999676,0.000161785,0.000161785
2.88403e+10,0.999666,0.000166897,0.000166897
2.83792e+10,0.999656,0.000172166,0.000172166
2.79254e+10,0.999645,0.000177597,0.000177597
2.74789e+10,0.999634,0.000183195,0.000183195
2.70396e+10,0.999622,0.000188965,0.000188965
2.66073e+10,0.99961,0.000194911,0.000194911
2.61818e+10,0.999598,0.00020104,0.00020104
2.57632e+10,0.999585,0.000207355,0.000207355
2.53513e+10,0.999572,0.000213863,0.000213863
2.49459e+10,0.999559,0.00022057,0.00022057
2.45471e+10,0.999545,0.00022748,0.00022748
2.41546e+10,0.999531,0.000234599,0.000234599
2.37684e+10,0.999516,0.000241934,0.000241934
2.33884e+10,0.999501,0.000249491,0.000249491
2.30144e+10,0.999485,0.000257276,0.000257276
2.26464e+10,0.999469,0.000265295,0.000265295
2.22844e+10,0.999453,0.000273555,0.000273555
2.1928e+10,0.999436,0.000282062,0.000282062
2.15774e+10,0.999418,0.000290824,0.000290824
2.12324e+10,0.9994,0.000299848,0.000299848
2.0893e+10,0.999382,0.00030914,0.00030914
2.05589e+10,0.999363,0.000318708,0.000318708
2.02302e+10,0.999343,0.00032856,0.00032856
1.99067e+10,0.999323,0.000338703,0.000338703
1.95884e+10,0.999302,0.000349145,0.000349145
1.92752e+10,0.99928,0.000359894,0.000359894
1.89671e+10,0.999258,0.000370958,0.000370958
1.86638e+10,0.999235,0.000382345,0.000382345
1.83654e+10,0.999212,0.000394065,0.000394065
1.80717e+10,0.999188,0.000406125,0.000406125
1.77828e+10,0.999163,0.000418535,0.000418535
1.74985e+10,0.999137,0.000431304,0.000431304
1.72187e+10,0.999111,0.000444439,0.000444439
1.69434e+10,0.999084,0.000457952,0.000457952
1.66725e+10,0.999056,0.000471851,0.000471851
1.64059e+10,0.999028,0.000486146,0.000486146
1.61436e+10,0.998998,0.000500847,0.000500847
1.58855e+10,0.998968,0.000515963,0.000515963
1.56315e+10,0.998937,0.000531504,0.000531504
1.53815e+10,0.998905,0.000547482,0.000547482
1.51356e+10,0.998872,0.000563905,0.000563905
1.48936e+10,0.998838,0.000580785,0.000580785
1.46555e+10,0.998804,0.000598132,0.000598132
1.44212e+10,0.998768,0.000615956,0.000615956
1.41906e+10,0.998731,0.000634268,0.000634268
1.39637e+10,0.998694,0.00065308,0.00065308
1.37404e+10,0.998655,0.000672401,0.000672401
1.35207e+10,0.998616,0.000692244,0.000692244
1.33045e+10,0.998575,0.000712618,0.000712618
1.30918e+10,0.998533,0.000733535,0.000733535
1.28825e+10,0.99849,0.000755005,0.000755005
1.26765e+10,0.998446,0.000777041,0.000777041
1.24738e+10,0.998401,0.000799653,0.000799653
1.22744e+10,0.998354,0.000822851,0.000822851
1.20781e+10,0.998307,0.000846647,0.000846647
1.1885e+10,0.998258,0.000871051,0.000871051
1.1695e+10,0.998208,0.000896075,0.000896075
1.1508e+10,0.998157,0.000921728,0.000921728
1.1324e+10,0.998104,0.000948021,0.000948021
1.11429e+10,0.99805,0.000974964,0.000974964
1.09648e+10,0.997995,0.00100257,0.00100257
1.07895e+10,0.997938,0.00103084,0.00103084
1.0617e+10,0.99788,0.00105979,0.00105979
1.04472e+10,0.997821,0.00108943,0.00108943
1.02802e+10,0.99776,0.00111977,0.00111977
1.01158e+10,0.997698,0.00115081,0.00115081
9.95405e+09,0.997635,0.00118256,0.00118256
9.7949e+09,0.99757,0.00121503,0.00121503
9.63829e+09,0.997504,0.00124823,0.00124823
9.48418e+09,0.997436,0.00128216,0.00128216
9.33254e+09,0.997366,0.00131682,0.00131682
9.18333e+09,0.997296,0.00135223,0.00135223
9.03649e+09,0.997223,0.00138838,0.00138838
8.89201e+09,0.997149,0.00142527,0.00142527
8.74984e+09,0.997074,0.00146291,0.00146291
8.60994e+09,0.996997,0.0015013,0.0015013
8.47227e+09,0.996919,0.00154043,0.00154043
8.33681e+09,0.996839,0.00158031,0.00158031
8.20352e+09,0.996758,0.00162093,0.00162093
8.07235e+09,0.996675,0.00166228,0.00166228
7.94328e+09,0.996591,0.00170436,0.00170436
7.81628e+09,0.996506,0.00174715,0.00174715
7.6913e+09,0.996419,0.00179066,0.00179066
7.56833e+09,0.99633,0.00183486,0.00183486
7.44732e+09,0.996241,0.00187974,0.00187974
7.32825e+09,0.996149,0.00192528,0.00192528
7.21107e+09,0.996057,0.00197146,0.00197146
7.09578e+09,0.995963,0.00201827,0.00201827
6.98232e+09,0.995869,0.00206567,0.00206567
6.87068e+09,0.995773,0.00211364,0.00211364
6.76083e+09,0.995676,0.00216215,0.00216215
6.65273e+09,0.995578,0.00221117,0.00221117
6.54636e+09,0.995479,0.00226065,0.00226065
6.44169e+09,0.995379,0.00231056,0.00231056
6.3387e+09,0.995278,0.00236084,0.00236084
6.23735e+09,0.995177,0.00241146,0.00241146
6.13762e+09,0.995075,0.00246236,0.00246236
6.03949e+09,0.994973,0.00251348,0.00251348
5.94292e+09,0.99487,0.00256477,0.00256477
5.8479e+09,0.994768,0.00261614,0.00261614
5.7544e+09,0.994665,0.00266754,0.00266754
5.66239e+09,0.994562,0.00271888,0.00271888
5.57186e+09,0.99446,0.00277009,0.00277009
5.48277e+09,0.994358,0.00282107,0.00282107
5.39511e+09,0.994257,0.00287173,0.00287173
5.30884e+09,0.994156,0.00292197,0.00292197
5.22396e+09,0.994057,0.0029717,0.0029717
5.14044e+09,0.993958,0.00302078,0.00302078
5.05825e+09,0.993862,0.00306912,0.00306912
4.97737e+09,0.993767,0.00311657,0.00311657
4.89779e+09,0.993674,0.00316301,0.00316301
4.81948e+09,0.993583,0.0032083,0.0032083
4.74242e+09,0.993495,0.0032523,0.0032523
4.66659e+09,0.99341,0.00329484,0.00329484
4.59198e+09,0.993328,0.00333577,0.00333577
4.51856e+09,0.99325,0.00337493,0.00337493
4.44631e+09,0.993176,0.00341213,0.00341213
4.37522e+09,0.993106,0.0034472,0.0034472
4.30527e+09,0.99304,0.00347995,0.00347995
4.23643e+09,0.99298,0.00351018,0.00351018
4.16869e+09,0.992925,0.00353769,0.00353769
4.10204e+09,0.992875,0.00356227,0.00356227
4.03645e+09,0.992833,0.0035837,0.0035837
3.97192e+09,0.992796,0.00360178,0.00360178
3.90841e+09,0.992767,0.00361627,0.00361627
3.84592e+09,0.992746,0.00362694,0.00362694
3.78443e+09,0.992733,0.00363357,0.00363357
3.72392e+09,0.992728,0.00363592,0.00363592
3.66438e+09,0.992732,0.00363376,0.00363376
3.60579e+09,0.992746,0.00362685,0.00362685
3.54813e+09,0.99277,0.00361496,0.00361496
3.4914e+09,0.992804,0.00359785,0.00359785
3.43558e+09,0.992849,0.00357531,0.00357531
3.38065e+09,0.992906,0.0035471,0.0035471
3.3266e+09,0.992974,0.00351303,0.00351303
3.27341e+09,0.993054,0.00347288,0.00347288
3.22107e+09,0.993147,0.00342648,0.00342648
3.16957e+09,0.993253,0.00337366,0.00337366
3.11889e+09,0.993371,0.00331426,0.00331426
3.06902e+09,0.993504,0.00324816,0.00324816
3.01995e+09,0.993649,0.00317527,0.00317527
2.97167e+09,0.993809,0.0030955,0.0030955
2.92415e+09,0.993982,0.00300884,0.00300884
2.8774e+09,0.994169,0.00291529,0.00291529
2.83139e+09,0.99437,0.00281491,0.00281491
2.78612e+09,0.994584,0.0027078,0.0027078
2.74157e+09,0.994812,0.00259413,0.00259413
2.69774e+09,0.995052,0.00247413,0.00247413
2.65461e+09,0.995304,0.0023481,0.0023481
2.61216e+09,0.995567,0.00221641,0.00221641
2.5704e+09,0.995841,0.00207953,0.00207953
2.5293e+09,0.996124,0.00193802,0.00193802
2.48886e+09,0.996415,0.00179254,0.00179254
2.44906e+09,0.996712,0.00164385,0.00164385
2.40991e+09,0.997014,0.00149286,0.00149286
2.37137e+09,0.997319,0.00134057,0.00134057
2.33346e+09,0.997624,0.00118816,0.00118816
2.29615e+09,0.997926,0.00103693,0.00103693
2.25944e+09,0.998223,0.00088834,0.00088834
2.22331e+09,0.998512,0.00074404,0.00074404
2.18776e+09,0.998788,0.00060584,0.00060584
2.15278e+09,0.999049,0.000475745,0.000475745
2.11836e+09,0.999288,0.000355957,0.000355957
2.08449e+09,0.999502,0.000248884,0.000248884
2.05116e+09,0.999686,0.000157149,0.000157149
2.01837e+09,0.999833,8.35995e-05,8.35995e-05
1.98609e+09,0.999937,3.13086e-05,3.13086e-05
1.95434e+09,0.999993,3.58463e-06,3.58463e-06
1.92309e+09,0.999992,3.97257e-06,3.97257e-06
1.89234e+09,0.999927,3.62562e-05,3.62562e-05
1.86209e+09,0.999791,0.000104457,0.000104457
1.83231e+09,0.999574,0.000212833,0.000212833
1.80302e+09,0.999268,0.000365869,0.000365869
1.77419e+09,0.998863,0.000568272,0.000568272
1.74582e+09,0.99835,0.000824952,0.000824952
1.71791e+09,0.997718,0.00114101,0.00114101
1.69044e+09,0.996957,0.00152173,0.00152173
1.66341e+09,0.996055,0.00197251,0.00197251
1.63682e+09,0.995002,0.00249887,0.00249887
1.61065e+09,0.993787,0.00310642,0.00310642
1.58489e+09,0.992398,0.00380077,0.00380077
1.55955e+09,0.990825,0.00458752,0.00458752
1.53462e+09,0.989056,0.00547219,0.00547219
1.51008e+09,0.98708,0.00646015,0.00646015
1.48594e+09,0.984887,0.00755655,0.00755655
1.46218e+09,0.982467,0.00876625,0.00876625
1.4388e+09,0.979813,0.0100937,0.0100937
1.41579e+09,0.976914,0.0115429,0.0115429
1.39316e+09,0.973766,0.0131172,0.0131172
1.37088e+09,0.970361,0.0148194,0.0148194
1.34896e+09,0.966698,0.0166512,0.0166512
1.32739e+09,0.962773,0.0186137,0.0186137
1.30617e+09,0.958587,0.0207066,0.0207066
1.28529e+09,0.954142,0.0229288,0.0229288
1.26474e+09,0.949445,0.0252775,0.0252775
1.24451e+09,0.944503,0.0277487,0.0277487
1.22462e+09,0.939327,0.0303365,0.0303365
1.20504e+09,0.933932,0.0330338,0.0330338
1.18577e+09,0.928337,0.0358313,0.0358313
1.16681e+09,0.922564,0.0387179,0.0387179
1.14815e+09,0.916639,0.0416804,0.0416804
1.1298e+09,0.910592,0.0447039,0.0447039
1.11173e+09,0.904458,0.0477711,0.0477711
1.09396e+09,0.898275,0.0508626,0.0508626
1.07647e+09,0.892085,0.0539573,0.0539573
1.05925e+09,0.885936,0.0570318,0.0570318
1.04232e+09,0.879878,0.060061,0.060061
1.02565e+09,0.873964,0.0630182,0.0630182
1.00925e+09,0.86825,0.0658749,0.0658749
9.93116e+08,0.862796,0.0686018,0.0686018
9.77237e+08,0.857663,0.0711687,0.0711687
9.61612e+08,0.85291,0.0735448,0.0735448
9.46237e+08,0.848601,0.0756994,0.0756994
9.31108e+08,0.844795,0.0776024,0.0776024
9.1622e+08,0.841551,0.0792246,0.0792246
9.01571e+08,0.838923,0.0805387,0.0805387
8.87156e+08,0.836961,0.0815195,0.0815195
8.72971e+08,0.83571,0.0821451,0.0821451
8.59014e+08,0.835206,0.082397,0.082397
8.45279e+08,0.835478,0.0822611,0.0822611
8.31764e+08,0.836543,0.0817283,0.0817283
8.18465e+08,0.83841,0.0807949,0.0807949
8.05378e+08,0.841073,0.0794633,0.0794633
7.92501e+08,0.844515,0.0777423,0.0777423
7.7983e+08,0.848706,0.0756472,0.0756472
7.67361e+08,0.8536,0.0732002,0.0732002
7.55092e+08,0.85914,0.07043,0.07043
7.43019e+08,0.865256,0.0673718,0.0673717
7.31139e+08,0.871867,0.0640665,0.0640665
7.19449e+08,0.878879,0.0605603,0.0605603
7.07946e+08,0.886193,0.0569036,0.0569036
6.96627e+08,0.8937,0.05315,0.05315
6.85488e+08,0.901291,0.0493546,0.0493546
6.74528e+08,0.908853,0.0455734,0.0455734
6.63743e+08,0.916278,0.0418611,0.0418611
6.53131e+08,0.92346,0.0382699,0.0382699
6.42688e+08,0.930303,0.0348483,0.0348483
6.32412e+08,0.93672,0.0316398,0.0316398
6.223e+08,0.942637,0.0286817,0.0286817
6.1235e+08,0.94799,0.0260051,0.0260051
6.0256e+08,0.952731,0.0236346,0.0236346
5.92925e+08,0.956823,0.0215886,0.0215886
5.83445e+08,0.960238,0.0198808,0.0198808
5.74116e+08,0.962957,0.0185213,0.0185213
5.64937e+08,0.964961,0.0175193,0.0175193
5.55904e+08,0.966229,0.0168856,0.0168856
5.47016e+08,0.96673,0.0166352,0.0166352
5.3827e+08,0.966419,0.0167905,0.0167905
5.29663e+08,0.965232,0.0173842,0.0173842
5.21195e+08,0.963078,0.0184609,0.0184609
5.12861e+08,0.959843,0.0200786,0.0200786
5.04661e+08,0.955383,0.0223084,0.0223084
4.96592e+08,0.949535,0.0252323,0.0252323
4.88652e+08,0.942122,0.0289392,0.0289392
4.80839e+08,0.932962,0.033519,0.033519
4.73151e+08,0.921893,0.0390534,0.0390534
4.65586e+08,0.908787,0.0456065,0.0456065
4.58142e+08,0.893577,0.0532117,0.0532117
4.50817e+08,0.87628,0.0618599,0.0618599
4.43609e+08,0.857026,0.071487,0.071487
4.36516e+08,0.836075,0.0819627,0.0819627
4.29536e+08,0.813833,0.0930835,0.0930835
4.22669e+08,0.790861,0.104569,0.104569
4.15911e+08,0.767867,0.116067,0.116067
4.09261e+08,0.745683,0.127159,0.127159
4.02717e+08,0.725235,0.137383,0.137383
3.96278e+08,0.707487,0.146256,0.146256
3.89942e+08,0.693384,0.153308,0.153308
3.83707e+08,0.68377,0.158115,0.158115
3.77572e+08,0.679322,0.160339,0.160339
3.71535e+08,0.680471,0.159764,0.159764
3.65595e+08,0.687351,0.156324,0.156324
3.59749e+08,0.699757,0.150121,0.150121
3.53997e+08,0.717141,0.141429,0.141429
3.48337e+08,0.738635,0.130682,0.130682
3.42768e+08,0.763115,0.118442,0.118442
3.37287e+08,0.789289,0.105355,0.105355
3.31894e+08,0.815806,0.0920965,0.0920965
3.26588e+08,0.841378,0.0793103,0.0793103
3.21366e+08,0.864886,0.0675564,0.0675564
3.16228e+08,0.885457,0.057271,0.057271
3.11172e+08,0.902503,0.0487481,0.0487481
3.06196e+08,0.915704,0.0421475,0.0421475
3.01301e+08,0.924944,0.0375275,0.0375275
2.96483e+08,0.930206,0.0348962,0.0348962
2.91743e+08,0.93146,0.0342694,0.0342694
2.87078e+08,0.928562,0.035718,0.035718
2.82488e+08,0.921222,0.0393883,0.0393883
2.77971e+08,0.909038,0.0454799,0.0454799
2.73527e+08,0.891645,0.0541767,0.0541767
2.69153e+08,0.868928,0.0655353,0.0655353
2.6485e+08,0.841293,0.0793527,0.0793527
2.60615e+08,0.809907,0.0950457,0.0950457
2.56448e+08,0.776833,0.111582,0.111582
2.52348e+08,0.74499,0.127504,0.127504
2.48313e+08,0.717877,0.14106,0.14106
2.44343e+08,0.699086,0.150456,0.150456
2.40436e+08,0.691653,0.154173,0.154173
2.36592e+08,0.697393,0.151303,0.151303
2.32809e+08,0.716393,0.141803,0.141803
2.29087e+08,0.746814,0.126592,0.126592
2.25424e+08,0.785126,0.107436,0.107436
2.2182e+08,0.826749,0.0866244,0.0866244
2.18273e+08,0.866983,0.0665074,0.0665074
2.14783e+08,0.90195,0.0490237,0.0490237
2.11349e+08,0.929266,0.0353659,0.0353659
2.0797e+08,0.948191,0.0259034,0.0259034
2.04644e+08,0.959208,0.0203946,0.0203946
2.01372e+08,0.963188,0.0184047,0.0184047
1.98153e+08,0.960524,0.0197367,0.0197367
1.94984e+08,0.950704,0.024647,0.024647
1.91867e+08,0.932644,0.0336767,0.0336767
1.88799e+08,0.905798,0.0470998,0.0470998
1.8578e+08,0.87159,0.0642037,0.0642037
1.8281e+08,0.834436,0.0827809,0.0827809
1.79887e+08,0.80157,0.0992138,0.0992138
1.77011e+08,0.781337,0.10933,0.10933
1.74181e+08,0.780338,0.10983,0.10983
1.71396e+08,0.800576,0.0997109,0.0997109
1.68655e+08,0.838056,0.0809707,0.0809707
1.65959e+08,0.883837,0.0580806,0.0580806
1.63305e+08,0.927374,0.0363122,0.0363122
1.60694e+08,0.960657,0.0196708,0.0196708
1.58125e+08,0.980917,0.00954059,0.00954059
1.55597e+08,0.990276,0.00486105,0.00486105
1.53109e+08,0.992497,0.00375059,0.00375059
1.50661e+08,0.989069,0.00546453,0.00546453
1.48252e+08,0.977693,0.0111528,0.0111528
1.45881e+08,0.95486,0.022569,0.022569
1.43549e+08,0.921126,0.039436,0.039436
1.41254e+08,0.884888,0.0575554,0.0575554
1.38995e+08,0.860576,0.0697113,0.0697113
1.36773e+08,0.860889,0.0695548,0.0695548
1.34586e+08,0.887884,0.0560577,0.0560577
1.32434e+08,0.930085,0.0349568,0.0349568
1.30317e+08,0.96922,0.0153894,0.0153894
1.28233e+08,0.992346,0.0038267,0.0038267
1.26183e+08,0.999526,0.000236789,0.000236789
1.24165e+08,0.999939,3.02148e-05,3.02148e-05
1.2218e+08,0.999813,9.30527e-05,9.30527e-05
1.20226e+08,0.994618,0.00269063,0.00269063
1.18304e+08,0.975127,0.0124365,0.0124365
1.16413e+08,0.942367,0.0288165,0.0288165
1.14551e+08,0.914259,0.0428704,0.0428704
1.1272e+08,0.912595,0.0437025,0.0437025
1.10917e+08,0.940875,0.0295624,0.0295624
1.09144e+08,0.977961,0.0110196,0.0110196
1.07399e+08,0.998341,0.000829365,0.000829365
1.05682e+08,0.998027,0.000986357,0.000986357
1.03992e+08,0.994308,0.00284578,0.00284578
1.02329e+08,0.998348,0.000825901,0.000825901
1.00693e+08,0.997743,0.00112858,0.00112858
9.90832e+07,0.976749,0.0116253,0.0116253
9.7499e+07,0.947643,0.0261783,0.0261783
9.59401e+07,0.942654,0.028673,0.028673
9.44061e+07,0.96965,0.015175,0.015175
9.28966e+07,0.996704,0.00164795,0.00164795
9.14113e+07,0.996396,0.0018022,0.0018022
8.99498e+07,0.985005,0.00749771,0.00749771
8.85116e+07,0.990354,0.00482299,0.00482299
8.70964e+07,0.999995,2.47099e-06,2.47099e-06
8.57038e+07,0.984746,0.00762723,0.00762723
8.43335e+07,0.960664,0.0196679,0.0196679
8.29851e+07,0.968235,0.0158824,0.0158824
8.16582e+07,0.995337,0.00233142,0.00233142
8.03526e+07,0.994974,0.00251325,0.00251325
7.90679e+07,0.975807,0.0120963,0.0120963
7.78037e+07,0.982854,0.0085729,0.0085729
7.65597e+07,0.999867,6.62929e-05,6.62929e-05
7.53356e+07,0.985188,0.00740602,0.00740602
7.4131e+07,0.97051,0.0147452,0.0147452
7.29458e+07,0.990895,0.00455237,0.00455237
7.17794e+07,0.996632,0.00168408,0.00168408
7.06318e+07,0.969152,0.015424,0.015424
6.95024e+07,0.972768,0.0136158,0.0136158
6.83912e+07,0.99889,0.000554776,0.000554776
6.72977e+07,0.98821,0.00589513,0.00589513
6.62217e+07,0.982525,0.0087373,0.0087373
6.51628e+07,0.999949,2.56374e-05,2.56374e-05
6.4121e+07,0.973656,0.0131718,0.0131718
6.30957e+07,0.951587,0.0242065,0.0242065
6.20869e+07,0.987801,0.0060996,0.0060996
6.10942e+07,0.996755,0.00162229,0.00162229
6.01174e+07,0.988951,0.00552436,0.00552436
5.91562e+07,0.99935,0.000324795,0.000324795
5.82103e+07,0.960756,0.0196222,0.0196222
5.72796e+07,0.952793,0.0236033,0.0236033
5.63638e+07,0.997312,0.00134414,0.00134414
5.54626e+07,0.98782,0.00608996,0.00608996
5.45758e+07,0.994485,0.00275764,0.00275764
5.37032e+07,0.987165,0.00641742,0.00641742
5.28445e+07,0.959088,0.0204559,0.0204559
5.19996e+07,0.996505,0.00174774,0.00174774
5.11682e+07,0.981523,0.00923861,0.00923861
5.03501e+07,0.986435,0.00678257,0.00678257
4.9545e+07,0.992524,0.0037382,0.0037382
4.87528e+07,0.973152,0.0134241,0.0134241
4.79733e+07,0.999714,0.000142895,0.000142895
4.72063e+07,0.966032,0.016984,0.016984
4.64515e+07,0.994948,0.00252603,0.00252603
4.57088e+07,0.981572,0.00921398,0.00921398
4.4978e+07,0.993933,0.00303355,0.00303355
4.42588e+07,0.976331,0.0118345,0.0118345
4.35512e+07,0.978583,0.0107085,0.0107085
4.28549e+07,0.991615,0.00419248,0.00419248
4.21697e+07,0.987747,0.00612656,0.00612656
4.14954e+07,0.982489,0.00875535,0.00875535
4.08319e+07,0.975959,0.0120206,0.0120206
4.01791e+07,0.990763,0.0046184,0.0046184
3.95367e+07,0.990203,0.00489855,0.00489855
3.89045e+07,0.975604,0.0121982,0.0121982
3.82825e+07,0.988597,0.00570126,0.00570126
3.76704e+07,0.979081,0.0104593,0.0104593
3.70681e+07,0.999533,0.000233691,0.000233691
3.64754e+07,0.965381,0.0173093,0.0173093
3.58922e+07,0.999091,0.000454324,0.000454324
3.53183e+07,0.97924,0.0103799,0.0103799
3.47536e+07,0.983063,0.00846837,0.00846837
3.41979e+07,0.993755,0.00312256,0.00312256
3.36512e+07,0.970533,0.0147334,0.0147334
3.31131e+07,0.997583,0.00120827,0.00120827
3.25837e+07,0.984044,0.00797787,0.00797787
3.20627e+07,0.971584,0.0142082,0.0142082
3.155e+07,0.999996,2.17463e-06,2.17463e-06
3.10456e+07,0.984723,0.00763831,0.00763831
3.05492e+07,0.966354,0.0168232,0.0168232
3.00608e+07,0.999991,4.47673e-06,4.47673e-06
2.95801e+07,0.990889,0.00455551,0.00455551
2.91072e+07,0.961943,0.0190285,0.0190285
2.86418e+07,0.994081,0.0029596,0.0029596
2.81838e+07,0.998737,0.000631653,0.000631653
2.77332e+07,0.975378,0.0123111,0.0123111
2.72898e+07,0.971624,0.0141878,0.0141878
2.68534e+07,0.991935,0.00403255,0.00403255
2.64241e+07,0.999891,5.42572e-05,5.42572e-05
2.60016e+07,0.983243,0.00837827,0.00837827
2.55859e+07,0.974928,0.0125359,0.0125359
2.51768e+07,0.969518,0.0152409,0.0152409
2.47742e+07,0.990196,0.00490223,0.00490223
2.43781e+07,0.997743,0.00112836,0.00112836
2.39883e+07,0.997515,0.00124238,0.00124238
2.36048e+07,0.991648,0.00417578,0.00417578
2.32274e+07,0.976967,0.0115165,0.0115165
2.2856e+07,0.974671,0.0126646,0.0126646
2.24905e+07,0.968077,0.0159615,0.0159615
2.21309e+07,0.971831,0.0140846,0.0140846
2.17771e+07,0.972708,0.0136459,0.0136459
2.14289e+07,0.975155,0.0124224,0.0124224
2.10863e+07,0.978549,0.0107253,0.0107253
2.07491e+07,0.974602,0.012699,0.012699
2.04174e+07,0.981031,0.0094847,0.0094847
2.00909e+07,0.968746,0.0156268,0.0156268
1.97697e+07,0.976793,0.0116035,0.0116035
1.94536e+07,0.966607,0.0166967,0.0166967
1.91426e+07,0.971925,0.0140374,0.0140374
1.88365e+07,0.976538,0.0117309,0.0117309
1.85353e+07,0.985043,0.00747859,0.00747859
1.8239e+07,0.99764,0.00117984,0.00117984
1.79473e+07,0.999692,0.000154068,0.000154068
1.76604e+07,0.986426,0.00678717,0.00678717
1.7378e+07,0.974887,0.0125567,0.0125567
1.71002e+07,0.971119,0.0144405,0.0144405
1.68267e+07,0.993778,0.00311077,0.00311077
1.65577e+07,0.998269,0.000865653,0.000865653
1.6293e+07,0.975113,0.0124434,0.0124434
1.60325e+07,0.975492,0.0122542,0.0122542
1.57761e+07,0.999328,0.00033596,0.00033596
1.55239e+07,0.983857,0.00807153,0.00807153
1.52757e+07,0.970835,0.0145826,0.0145826
1.50314e+07,0.999792,0.000104061,0.000104061
1.47911e+07,0.975186,0.0124072,0.0124072
1.45546e+07,0.990858,0.00457087,0.00457087
1.43219e+07,0.984659,0.00767054,0.00767054
1.40929e+07,0.981174,0.00941276,0.00941276
1.38676e+07,0.987041,0.00647969,0.00647969
1.36458e+07,0.984141,0.00792927,0.00792927
1.34276e+07,0.984848,0.00757608,0.00757608
1.3213e+07,0.991132,0.00443392,0.00443392
1.30017e+07,0.970951,0.0145246,0.0145246
1.27938e+07,0.999714,0.000143122,0.000143122
1.25893e+07,0.9773,0.0113499,0.0113499
1.2388e+07,0.975743,0.0121283,0.0121283
1.21899e+07,0.999348,0.000325792,0.000325792
1.1995e+07,0.986886,0.00655715,0.00655715
1.18032e+07,0.970712,0.0146438,0.0146438
1.16145e+07,0.981765,0.00911731,0.00911731
1.14288e+07,0.997539,0.00123042,0.00123042
1.1246e+07,0.998488,0.000756186,0.000756186
1.10662e+07,0.989131,0.00543449,0.00543449
1.08893e+07,0.979679,0.0101604,0.0101604
1.07152e+07,0.973944,0.013028,0.013028
1.05439e+07,0.971333,0.0143334,0.0143334
1.03753e+07,0.970127,0.0149367,0.0149367
1.02094e+07,0.969328,0.015336,0.015336
1.00462e+07,0.972641,0.0136796,0.0136796
9.88553e+06,0.981926,0.00903679,0.00903679
9.72747e+06,0.993823,0.00308832,0.00308832
9.57194e+06,0.999973,1.32901e-05,1.32901e-05
9.4189e+06,0.989422,0.00528888,0.00528888
9.2683e+06,0.970583,0.0147083,0.0147083
9.12011e+06,0.978472,0.0107638,0.0107638
8.97429e+06,0.999943,2.87092e-05,2.87092e-05
8.8308e+06,0.97728,0.0113598,0.0113598
8.6896e+06,0.978388,0.0108062,0.0108062
8.55067e+06,0.996559,0.00172033,0.00172033
8.41395e+06,0.97062,0.0146898,0.0146898
8.27942e+06,0.999042,0.000478869,0.000478869
8.14704e+06,0.973423,0.0132883,0.0132883
8.01678e+06,0.991557,0.00422154,0.00422154
7.8886e+06,0.988449,0.0057753,0.0057753
7.76247e+06,0.970254,0.0148729,0.0148729
7.63836e+06,0.994411,0.00279473,0.00279473
7.51623e+06,0.997401,0.00129961,0.00129961
7.39605e+06,0.979951,0.0100247,0.0100247
7.2778e+06,0.969187,0.0154066,0.0154066
7.16143e+06,0.972855,0.0135727,0.0135727
7.04693e+06,0.976292,0.011854,0.011854
6.93426e+06,0.978645,0.0106775,0.0106775
6.82339e+06,0.977526,0.0112371,0.0112371
6.71429e+06,0.970567,0.0147167,0.0147167
6.60693e+06,0.969972,0.0150142,0.0150142
6.5013e+06,0.982678,0.00866105,0.00866105
6.39735e+06,0.999078,0.000461051,0.000461051
6.29506e+06,0.986831,0.00658445,0.00658445
6.19441e+06,0.970698,0.0146508,0.0146508
6.09537e+06,0.999415,0.000292407,0.000292407
5.99791e+06,0.97335,0.0133251,0.0133251
5.90201e+06,0.996677,0.00166171,0.00166171
5.80764e+06,0.971286,0.0143572,0.0143572
5.71479e+06,0.999123,0.000438342,0.000438342
5.62341e+06,0.982988,0.00850597,0.00850597
5.5335e+06,0.971573,0.0142135,0.0142135
5.44503e+06,0.984645,0.00767773,0.00767773
5.35797e+06,0.996702,0.00164895,0.00164895
5.2723e+06,0.999842,7.89441e-05,7.89441e-05
5.188e+06,1,1.59218e-07,1.59218e-07
5.10505e+06,0.999533,0.000233335,0.000233335
5.02343e+06,0.993497,0.0032514,0.0032514
4.94311e+06,0.977078,0.0114612,0.0114612
4.86407e+06,0.971171,0.0144145,0.0144145
4.7863e+06,0.996506,0.00174701,0.00174701
4.70977e+06,0.98201,0.00899508,0.00899508
4.63447e+06,0.98296,0.00852001,0.00852001
4.56037e+06,0.984073,0.00796337,0.00796337
4.48745e+06,0.994191,0.00290425,0.00290425
4.4157e+06,0.970123,0.0149387,0.0149387
4.3451e+06,0.98224,0.00888016,0.00888016
4.27563e+06,0.996474,0.00176291,0.00176291
4.20727e+06,0.99985,7.48748e-05,7.48748e-05
4.14e+06,0.999982,8.90162e-06,8.90162e-06
4.0738e+06,0.998473,0.000763418,0.000763418
4.00867e+06,0.98733,0.00633504,0.00633504
3.94457e+06,0.970164,0.0149179,0.0149179
3.8815e+06,0.987846,0.00607713,0.00607713
3.81944e+06,0.990437,0.00478143,0.00478143
3.75837e+06,0.978163,0.0109183,0.0109183
3.69828e+06,0.98366,0.0081701,0.0081701
3.63915e+06,0.998803,0.000598626,0.000598626
3.58096e+06,0.980018,0.00999107,0.00999107
3.52371e+06,0.971205,0.0143976,0.0143976
3.46737e+06,0.970081,0.0149594,0.0149594
3.41193e+06,0.97095,0.0145251,0.0145251
3.35738e+06,0.981931,0.00903448,0.00903448
3.3037e+06,0.999657,0.000171352,0.000171352
3.25087e+06,0.978686,0.0106568,0.0106568
3.1989e+06,0.98708,0.00646011,0.00646011
3.14775e+06,0.97757,0.0112148,0.0112148
3.09742e+06,0.999997,1.2951e-06,1.2951e-06
3.04789e+06,0.987093,0.00645335,0.00645335
2.99916e+06,0.976469,0.0117656,0.0117656
2.95121e+06,0.976044,0.0119782,0.0119782
2.90402e+06,0.98572,0.00713984,0.00713984
2.85759e+06,0.99994,3.01615e-05,3.01615e-05
2.8119e+06,0.977713,0.0111436,0.0111436
2.76694e+06,0.988628,0.00568579,0.00568579
2.7227e+06,0.974201,0.0128997,0.0128997
2.67917e+06,0.998161,0.00091943,0.00091943
2.63633e+06,0.997688,0.00115581,0.00115581
2.59418e+06,0.99528,0.00235975,0.00235975
2.5527e+06,0.999508,0.000246139,0.000246139
2.51189e+06,0.991516,0.00424214,0.00424214
2.47172e+06,0.970234,0.0148832,0.0148832
2.4322e+06,0.999873,6.34411e-05,6.34411e-05
2.39332e+06,0.975926,0.0120368,0.0120368
2.35505e+06,0.971901,0.0140493,0.0140493
2.31739e+06,0.978325,0.0108377,0.0108377
2.28034e+06,0.9742,0.0129,0.0129
2.24388e+06,0.971527,0.0142367,0.0142367
2.208e+06,0.998585,0.000707589,0.000707589
2.1727e+06,0.971258,0.014371,0.014371
2.13796e+06,0.997641,0.00117949,0.00117949
2.10378e+06,0.997351,0.00132462,0.00132462
2.07014e+06,0.99583,0.00208516,0.00208516
2.03704e+06,0.999945,2.75872e-05,2.75872e-05
2.00447e+06,0.978834,0.0105832,0.0105832
1.97242e+06,0.987892,0.00605423,0.00605423
1.94089e+06,0.97199,0.0140051,0.0140051
1.90985e+06,0.986837,0.00658171,0.00658171
1.87932e+06,0.98821,0.0058948,0.0058948
1.84927e+06,0.973922,0.0130388,0.0130388
1.8197e+06,0.982805,0.0085974,0.0085974
1.79061e+06,0.9841,0.00795013,0.00795013
1.76198e+06,0.999834,8.27938e-05,8.27938e-05
1.7338e+06,0.996184,0.00190786,0.00190786
1.70608e+06,0.99995,2.49219e-05,2.49219e-05
1.6788e+06,0.981979,0.00901061,0.00901061
1.65196e+06,0.987949,0.00602568,0.00602568
1.62555e+06,0.969918,0.0150411,0.0150411
1.59956e+06,0.973149,0.0134254,0.0134254
1.57398e+06,0.970082,0.0149591,0.0149591
1.54882e+06,0.993168,0.00341612,0.00341612
1.52405e+06,0.973373,0.0133135,0.0133135
1.49968e+06,0.993322,0.00333899,0.00333899
1.47571e+06,0.994263,0.00286859,0.00286859
1.45211e+06,0.974914,0.0125431,0.0125431
1.42889e+06,0.990697,0.00465173,0.00465173
1.40605e+06,0.969574,0.0152131,0.0152131
1.38357e+06,0.971644,0.0141778,0.0141778
1.36144e+06,0.972174,0.0139131,0.0139131
1.33968e+06,0.999998,9.04532e-07,9.04531e-07
1.31826e+06,0.977164,0.0114181,0.0114181
1.29718e+06,0.971512,0.014244,0.014244
1.27644e+06,0.984997,0.00750125,0.00750125
1.25603e+06,0.990537,0.00473161,0.00473161
1.23595e+06,0.996775,0.00161267,0.00161267
1.21619e+06,0.995426,0.00228709,0.00228709
1.19674e+06,0.995596,0.002202,0.002202
1.17761e+06,0.976749,0.0116253,0.0116253
1.15878e+06,0.970181,0.0149093,0.0149093
1.14025e+06,0.971895,0.0140523,0.0140523
1.12202e+06,0.999913,4.35724e-05,4.35724e-05
1.10408e+06,0.979083,0.0104585,0.0104585
1.08643e+06,0.979124,0.0104378,0.0104378
1.06905e+06,0.999999,3.41936e-07,3.41936e-07
1.05196e+06,0.974464,0.0127681,0.0127681
1.03514e+06,0.971406,0.0142971,0.0142971
1.01859e+06,0.993292,0.00335414,0.00335414
1.00231e+06,0.970855,0.0145723,0.0145723
986279,0.974058,0.0129708,0.0129708
970510,0.976212,0.0118939,0.0118939
954993,0.982957,0.00852143,0.00852143
939723,0.985679,0.00716041,0.00716041
924698,0.971317,0.0143415,0.0143415
909913,0.98385,0.00807513,0.00807513
895365,0.978386,0.010807,0.010807
881049,0.985464,0.00726823,0.00726823
866962,0.971248,0.014376,0.014376
853100,0.986995,0.00650228,0.00650228
839460,0.97471,0.012645,0.012645
826038,0.975121,0.0124397,0.0124397
812831,0.986224,0.00688796,0.00688796
799834,0.971599,0.0142003,0.0142003
787046,0.99049,0.00475521,0.00475521
774462,0.970129,0.0149353,0.0149353
762079,0.971062,0.0144689,0.0144689
749894,0.997383,0.00130855,0.00130855
737904,0.998302,0.000848798,0.000848798
726106,0.969968,0.0150161,0.0150161
714496,0.972305,0.0138475,0.0138475
703072,0.987188,0.00640598,0.00640598
691831,0.973829,0.0130858,0.0130858
680769,0.999119,0.000440586,0.000440586
669885,0.986522,0.00673884,0.00673884
659174,0.997721,0.00113934,0.00113934
648634,0.998189,0.000905342,0.000905342
638263,0.983238,0.00838098,0.00838098
628058,0.994341,0.0028297,0.0028297
618016,0.970604,0.014698,0.014698
608135,0.969853,0.0150734,0.0150734
598412,0.999995,2.69572e-06,2.69573e-06
588844,0.998667,0.000666287,0.000666287
579429,0.980329,0.00983529,0.00983529
570164,0.997796,0.00110163,0.00110163
561048,0.981404,0.00929811,0.00929811
552077,0.996495,0.00175257,0.00175257
543250,0.996092,0.0019539,0.0019539
534564,0.98403,0.0079851,0.0079851
526017,0.99998,1.01256e-05,1.01257e-05
517607,0.995943,0.00202839,0.00202839
509331,0.97182,0.0140901,0.0140901
501187,0.973528,0.0132361,0.0132361
493174,0.970004,0.014998,0.014998
485289,0.999833,8.34587e-05,8.34587e-05
477529,0.983917,0.00804158,0.00804158
469894,0.989572,0.00521412,0.00521412
462381,0.993957,0.00302149,0.00302149
454988,0.986722,0.00663923,0.00663923
447713,0.976331,0.0118345,0.0118345
440555,0.988422,0.00578924,0.00578924
433511,0.992905,0.00354757,0.00354757
426580,0.985845,0.00707727,0.00707727
419759,0.971442,0.0142792,0.0142792
413048,0.971933,0.0140334,0.0140334
406443,0.988444,0.00577791,0.00577791
399945,0.992691,0.0036545,0.0036545
393550,0.980322,0.00983899,0.00983899
387258,0.973567,0.0132165,0.0132165
381066,0.989209,0.00539556,0.00539556
374973,0.994389,0.00280521,0.00280521
368978,0.990855,0.00457262,0.00457262
363078,0.978521,0.0107395,0.0107395
357273,0.970116,0.014942,0.014942
351560,0.989653,0.00517329,0.00517329
345939,0.996059,0.0019705,0.0019705
340408,0.97023,0.0148849,0.0148849
334965,0.991928,0.00403601,0.00403601
329610,0.990822,0.00458892,0.00458892
324340,0.970161,0.0149193,0.0149193
319154,0.992712,0.00364399,0.00364399
314051,0.997477,0.00126143,0.00126143
309030,0.981966,0.00901714,0.00901714
304089,0.973662,0.013169,0.013169
299226,0.973699,0.0131505,0.0131505
294442,0.983716,0.00814188,0.00814188
289734,0.999999,3.59761e-07,3.59759e-07
285102,0.97185,0.0140747,0.0140747
280543,0.999952,2.41267e-05,2.41267e-05
276058,0.989955,0.00502268,0.00502268
271644,0.990542,0.00472923,0.00472923
267301,0.999193,0.00040342,0.00040342
263027,0.970543,0.0147282,0.0147282
258821,0.978345,0.0108276,0.0108276
254683,0.973338,0.0133306,0.0133306
250611,0.987338,0.00633073,0.00633073
246604,0.969846,0.015077,0.015077
242661,0.971913,0.0140433,0.0140433
238781,0.99921,0.000395051,0.000395051
234963,0.998321,0.000839422,0.000839422
231206,0.987358,0.006321,0.006321
227510,0.999816,9.17068e-05,9.17069e-05
223872,0.989487,0.00525651,0.00525651
220293,0.998348,0.000825728,0.000825728
