1000,0.97455,0.0127249,0.0127249
1023.29,0.984517,0.00774136,0.00774136
1047.13,0.970547,0.0147265,0.0147265
1071.52,0.975775,0.0121125,0.0121125
1096.48,0.99452,0.00273983,0.00273983
1122.02,0.990679,0.00466045,0.00466045
1148.15,0.999899,5.04874e-05,5.04874e-05
1174.9,0.996171,0.00191436,0.00191436
1202.26,0.989515,0.00524249,0.00524249
1230.27,0.986793,0.00660341,0.00660341
1258.93,0.990349,0.00482574,0.00482574
1288.25,0.971809,0.0140957,0.0140957
1318.26,0.982022,0.00898878,0.00898878
1348.96,0.999537,0.000231478,0.000231478
1380.38,0.993002,0.00349922,0.00349922
1412.54,0.972217,0.0138917,0.0138917
1445.44,0.994688,0.00265593,0.00265593
1479.11,0.993993,0.00300329,0.00300329
1513.56,0.974405,0.0127974,0.0127974
1548.82,0.974767,0.0126167,0.0126167
1584.89,0.979953,0.0100235,0.0100235
1621.81,0.975274,0.0123628,0.0123628
1659.59,0.969887,0.0150564,0.0150564
1698.24,0.990668,0.00466597,0.00466597
1737.8,0.976777,0.0116116,0.0116116
1778.28,0.970066,0.0149671,0.0149671
1819.7,0.970106,0.0149468,0.0149468
1862.09,0.995285,0.00235774,0.00235774
1905.46,0.999378,0.000310837,0.000310837
1949.84,0.97141,0.0142952,0.0142952
1995.26,0.972054,0.0139729,0.0139729
2041.74,0.972648,0.0136758,0.0136758
2089.3,0.990221,0.00488971,0.00488971
2137.96,0.993341,0.0033297,0.0033297
2187.76,0.973963,0.0130187,0.0130187
2238.72,0.999016,0.000492091,0.000492091
2290.87,0.97702,0.0114898,0.0114898
2344.23,0.972996,0.0135019,0.0135019
2398.83,0.981586,0.00920712,0.00920712
2454.71,0.99471,0.00264501,0.00264501
2511.89,0.977834,0.0110828,0.0110828
2570.4,0.969996,0.0150018,0.0150018
2630.27,0.969912,0.0150438,0.0150438
2691.53,0.971081,0.0144596,0.0144596
2754.23,0.999951,2.45793e-05,2.45793e-05
2818.38,0.974816,0.0125919,0.0125919
2884.03,0.969872,0.0150639,0.0150639
2951.21,0.973592,0.0132039,0.0132039
3019.95,0.974848,0.0125762,0.0125762
3090.3,0.990873,0.0045637,0.0045637
3162.28,0.969844,0.0150779,0.0150779
3235.94,0.970089,0.0149555,0.0149555
3311.31,0.978505,0.0107473,0.0107473
3388.44,0.988443,0.00577839,0.00577839
3467.37,0.998261,0.000869498,0.000869498
3548.13,0.994846,0.00257709,0.00257709
3630.78,0.995858,0.00207125,0.00207125
3715.35,0.970005,0.0149976,0.0149976
3801.89,0.970682,0.0146592,0.0146592
3890.45,0.979867,0.0100664,0.0100664
3981.07,0.99649,0.0017548,0.0017548
4073.8,0.984158,0.00792123,0.00792123
4168.69,0.99793,0.00103519,0.00103519
4265.8,0.987926,0.00603702,0.00603702
4365.16,0.995273,0.00236375,0.00236375
4466.84,0.999275,0.000362428,0.000362428
4570.88,0.978398,0.0108011,0.0108011
4677.35,0.984379,0.00781053,0.00781053
4786.3,0.99335,0.00332492,0.00332492
4897.79,0.977039,0.0114803,0.0114803
5011.87,0.993381,0.00330956,0.00330956
5128.61,0.999872,6.39861e-05,6.39861e-05
5248.07,0.971426,0.0142871,0.0142871
5370.32,0.999655,0.000172579,0.000172579
5495.41,0.975779,0.0121103,0.0121103
5623.41,0.970693,0.0146537,0.0146537
5754.4,0.983836,0.00808193,0.00808193
5888.44,0.999996,1.91703e-06,1.91703e-06
6025.6,0.999331,0.00033468,0.00033468
6165.95,0.999759,0.00012041,0.00012041
6309.57,0.98843,0.00578518,0.00578518
6456.54,0.9715,0.0142502,0.0142502
6606.93,0.979317,0.0103416,0.0103416
6760.83,0.99708,0.00146021,0.00146021
6918.31,0.985214,0.00739312,0.00739312
7079.46,0.970412,0.0147941,0.0147941
7244.36,0.998028,0.000986104,0.000986104
7413.1,0.977883,0.0110586,0.0110586
7585.78,0.972769,0.0136157,0.0136157
7762.47,0.972878,0.0135608,0.0135608
7943.28,0.97147,0.0142651,0.0142651
8128.31,0.971182,0.0144092,0.0144092
8317.64,0.999162,0.0004189,0.0004189
8511.38,0.997846,0.00107696,0.00107696
8709.64,0.983455,0.00827271,0.00827271
8912.51,0.984313,0.00784348,0.00784348
9120.11,0.973434,0.0132831,0.0132831
9332.54,0.970335,0.0148324,0.0148324
9549.93,0.984427,0.00778664,0.00778664
9772.37,0.97116,0.0144198,0.0144198
10000,0.977542,0.011229,0.011229
10232.9,0.979722,0.0101391,0.0101391
10471.3,0.979052,0.0104742,0.0104742
10715.2,0.970171,0.0149143,0.0149143
10964.8,0.9845,0.00775014,0.00775014
11220.2,0.999254,0.000372982,0.000372982
11481.5,0.977688,0.0111559,0.0111559
11749,0.999047,0.000476541,0.000476541
12022.6,0.976183,0.0119083,0.0119083
12302.7,0.973215,0.0133924,0.0133924
12589.3,0.976012,0.0119941,0.0119941
12882.5,0.988644,0.00567799,0.00567799
13182.6,0.989273,0.00536368,0.00536368
13489.6,0.987043,0.00647851,0.00647851
13803.8,0.993593,0.00320368,0.00320368
14125.4,0.973277,0.0133617,0.0133617
14454.4,0.96994,0.0150302,0.0150302
14791.1,0.988048,0.00597603,0.00597603
15135.6,0.989057,0.0054713,0.0054713
15488.2,0.995125,0.00243761,0.00243761
15848.9,0.975178,0.0124109,0.0124109
16218.1,0.969853,0.0150737,0.0150737
16595.9,0.987795,0.00610245,0.00610245
16982.4,0.999952,2.40494e-05,2.40494e-05
17378,0.983448,0.008276,0.008276
17782.8,0.996178,0.00191121,0.00191121
18197,0.969982,0.0150089,0.0150089
18620.9,0.998069,0.00096556,0.00096556
19054.6,0.977917,0.0110415,0.0110415
19498.4,0.998392,0.000803998,0.000803998
19952.6,0.987075,0.00646274,0.00646274
20417.4,0.982877,0.00856163,0.00856163
20893,0.976122,0.0119392,0.0119392
21379.6,0.988126,0.00593701,0.00593701
21877.6,0.969859,0.0150706,0.0150706
22387.2,0.987214,0.00639298,0.00639298
22908.7,0.974931,0.0125343,0.0125343
23442.3,0.998523,0.000738475,0.000738475
23988.3,0.980531,0.00973446,0.00973446
24547.1,0.991149,0.00442563,0.00442563
25118.9,0.992655,0.0036723,0.0036723
25704,0.978443,0.0107783,0.0107783
26302.7,0.969932,0.0150339,0.0150339
26915.3,0.995585,0.00220768,0.00220768
27542.3,0.977642,0.0111792,0.0111792
28183.8,0.969854,0.015073,0.015073
28840.3,0.991139,0.00443044,0.00443044
29512.1,0.9746,0.0127002,0.0127002
30199.5,0.990043,0.0049784,0.0049784
30903,0.999263,0.000368275,0.000368275
31622.8,0.998065,0.000967632,0.000967632
32359.4,0.990964,0.00451784,0.00451784
33113.1,1,3.64745e-08,3.64745e-08
33884.4,0.972181,0.0139097,0.0139097
34673.7,0.970932,0.0145339,0.0145339
35481.3,0.98539,0.00730498,0.00730498
36307.8,0.995951,0.00202432,0.00202432
37153.5,0.969924,0.015038,0.015038
38018.9,0.996346,0.00182694,0.00182694
38904.5,1,1.67313e-07,1.67313e-07
39810.7,0.97396,0.0130201,0.0130201
40738,0.976631,0.0116847,0.0116847
41686.9,0.994538,0.00273119,0.00273119
42658,0.988701,0.00564975,0.00564975
43651.6,0.996007,0.0019963,0.0019963
44668.4,0.987137,0.00643175,0.00643175
45708.8,1,5.65385e-08,5.65385e-08
46773.5,0.99999,5.22745e-06,5.22745e-06
47863,0.997946,0.00102715,0.00102715
48977.9,0.969848,0.0150762,0.0150762
50118.7,0.973676,0.0131621,0.0131621
51286.1,0.986866,0.00656692,0.00656692
52480.7,0.973376,0.013312,0.013312
53703.2,0.98635,0.00682508,0.00682508
54954.1,0.999996,2.22667e-06,2.22667e-06
56234.1,0.999949,2.56851e-05,2.56851e-05
57544,0.973031,0.0134846,0.0134846
58884.4,0.977506,0.0112471,0.0112471
60256,0.982728,0.0086361,0.0086361
61659.5,0.971336,0.014332,0.014332
63095.7,0.993571,0.00321438,0.00321438
64565.4,0.979287,0.0103567,0.0103567
66069.3,0.997145,0.00142756,0.00142756
67608.3,0.982231,0.00888445,0.00888445
69183.1,0.993303,0.00334828,0.00334828
70794.6,0.982365,0.00881755,0.00881755
72443.6,0.987443,0.00627865,0.00627865
74131,0.989693,0.0051537,0.0051537
75857.8,0.970089,0.0149556,0.0149556
77624.7,0.974517,0.0127416,0.0127416
79432.8,0.981269,0.00936545,0.00936545
81283.1,0.978058,0.0109712,0.0109712
83176.4,0.999598,0.000200999,0.000200999
85113.8,0.998945,0.000527402,0.000527402
87096.4,0.999993,3.64295e-06,3.64295e-06
89125.1,0.997438,0.00128076,0.00128076
91201.1,0.974581,0.0127096,0.0127096
93325.4,0.991561,0.00421946,0.00421946
95499.3,0.993238,0.00338107,0.00338107
97723.7,0.990632,0.00468421,0.00468421
100000,0.989729,0.00513553,0.00513553
102329,0.992832,0.00358399,0.00358399
104713,0.997113,0.00144346,0.00144346
107152,0.998217,0.000891706,0.000891706
109648,0.989033,0.00548342,0.00548342
112202,0.975061,0.0124694,0.0124694
114815,0.971066,0.0144669,0.0144669
117490,0.987205,0.00639751,0.00639751
120226,0.996932,0.00153414,0.00153414
123027,0.996681,0.00165974,0.00165974
125893,0.971146,0.0144272,0.0144272
128825,0.979331,0.0103346,0.0103346
131826,0.970639,0.0146804,0.0146804
134896,0.985327,0.00733663,0.00733663
138038,0.971884,0.0140581,0.0140581
141254,0.998542,0.000728821,0.000728821
144544,0.981793,0.00910335,0.00910335
147911,0.976305,0.0118473,0.0118473
151356,0.990555,0.00472273,0.00472273
154882,0.971788,0.0141059,0.0141059
158489,0.992377,0.00381145,0.00381145
162181,0.987845,0.00607764,0.00607764
165959,0.999973,1.36051e-05,1.36051e-05
169824,0.974796,0.0126022,0.0126022
173780,0.970365,0.0148177,0.0148177
177828,0.97851,0.0107451,0.0107451
181970,0.998164,0.000918231,0.000918231
186209,0.974152,0.0129241,0.0129241
190546,0.994836,0.00258202,0.00258202
194984,0.983874,0.00806285,0.00806285
199526,0.988784,0.00560816,0.00560816
204174,0.984101,0.00794949,0.00794949
208930,0.996927,0.00153652,0.00153652
213796,0.993547,0.00322674,0.00322674
218776,0.998095,0.000952294,0.000952294
223872,0.985309,0.00734556,0.00734556
229087,0.983216,0.00839192,0.00839192
234423,0.983844,0.00807801,0.00807801
239883,0.9801,0.00994983,0.00994983
245471,0.996339,0.00183069,0.00183069
251189,0.976217,0.0118913,0.0118913
257040,0.989633,0.0051836,0.0051836
263027,0.995901,0.00204952,0.00204952
269153,0.973869,0.0130657,0.0130657
275423,0.977209,0.0113954,0.0113954
281838,0.982004,0.00899814,0.00899814
288403,0.984898,0.00755075,0.00755075
295121,0.974703,0.0126483,0.0126483
301995,0.970555,0.0147226,0.0147226
309030,0.977951,0.0110247,0.0110247
316228,0.97687,0.011565,0.011565
323594,0.993779,0.00311027,0.00311027
331131,0.986675,0.00666235,0.00666235
338844,0.995417,0.00229151,0.00229151
346737,0.99173,0.00413488,0.00413488
354813,0.970768,0.0146158,0.0146158
363078,0.970787,0.0146063,0.0146063
371535,0.982106,0.00894681,0.00894681
380189,0.969966,0.0150169,0.0150169
389045,0.974712,0.0126439,0.0126439
398107,0.99747,0.00126478,0.00126478
407380,0.972878,0.0135608,0.0135608
416869,0.999388,0.000306113,0.000306113
426580,0.970656,0.0146718,0.0146718
436516,0.970787,0.0146063,0.0146063
446684,0.984524,0.00773779,0.00773779
457088,0.970136,0.0149322,0.0149322
467735,0.992359,0.00382051,0.00382051
478630,0.982387,0.00880671,0.00880671
489779,0.987865,0.00606765,0.00606765
501187,0.972354,0.0138228,0.0138228
512861,0.985344,0.00732796,0.00732796
524807,0.995271,0.00236457,0.00236457
537032,0.970732,0.0146338,0.0146338
549541,0.971233,0.0143836,0.0143836
562341,0.995231,0.0023847,0.0023847
575440,0.980988,0.00950619,0.00950619
588844,0.971071,0.0144644,0.0144644
602560,0.972962,0.0135189,0.0135189
616595,0.998383,0.000808556,0.000808556
630957,0.975815,0.0120924,0.0120924
645654,1,2.90216e-08,2.90216e-08
660693,0.991477,0.00426165,0.00426165
676083,0.989909,0.0050457,0.0050457
691831,0.975844,0.0120782,0.0120782
707946,0.998967,0.00051629,0.00051629
724436,0.985283,0.00735874,0.00735874
741310,0.97054,0.0147299,0.0147299
758578,0.995826,0.00208701,0.00208701
776247,0.986686,0.00665711,0.00665711
794328,0.994562,0.00271889,0.00271889
812831,0.997062,0.00146909,0.00146909
831764,0.974966,0.0125172,0.0125172
851138,0.991811,0.00409461,0.00409461
870964,0.986624,0.00668806,0.00668806
891251,0.974066,0.0129672,0.0129672
912011,0.986678,0.00666123,0.00666123
933254,0.970606,0.0146971,0.0146971
954993,0.970668,0.0146662,0.0146662
977237,0.970596,0.0147022,0.0147022
1e+06,0.970628,0.0146862,0.0146862
1.02329e+06,0.985137,0.00743137,0.00743137
1.04713e+06,0.970843,0.0145786,0.0145786
1.07152e+06,0.99892,0.000540197,0.000540197
1.09648e+06,0.97064,0.0146801,0.0146801
1.12202e+06,0.997386,0.00130692,0.00130692
1.14815e+06,0.973415,0.0132925,0.0132925
1.1749e+06,0.984532,0.00773378,0.00773378
1.20226e+06,0.969972,0.0150141,0.0150141
1.23027e+06,0.999872,6.38689e-05,6.38689e-05
1.25893e+06,0.972101,0.0139494,0.0139494
1.28825e+06,0.998851,0.000574679,0.000574679
1.31826e+06,0.98147,0.0092649,0.0092649
1.34896e+06,0.996721,0.00163939,0.00163939
1.38038e+06,0.974383,0.0128085,0.0128085
1.41254e+06,0.998892,0.000554063,0.000554063
1.44544e+06,0.976824,0.011588,0.011588
1.47911e+06,0.972887,0.0135564,0.0135564
1.51356e+06,0.999953,2.36949e-05,2.36949e-05
1.54882e+06,0.974354,0.0128228,0.0128228
1.58489e+06,0.976186,0.0119069,0.0119069
1.62181e+06,0.990433,0.00478372,0.00478372
1.65959e+06,0.974778,0.0126112,0.0126112
1.69824e+06,0.97979,0.0101049,0.0101049
1.7378e+06,0.995737,0.0021314,0.0021314
1.77828e+06,0.998813,0.000593333,0.000593333
1.8197e+06,0.994577,0.00271137,0.00271137
1.86209e+06,0.999988,5.78406e-06,5.78406e-06
1.90546e+06,0.969916,0.015042,0.015042
1.94984e+06,0.973006,0.013497,0.013497
1.99526e+06,0.993592,0.00320391,0.00320391
2.04174e+06,0.999028,0.00048596,0.00048596
2.0893e+06,0.987632,0.0061841,0.0061841
2.13796e+06,0.97047,0.0147652,0.0147652
2.18776e+06,0.998931,0.000534385,0.000534385
2.23872e+06,0.979647,0.0101766,0.0101766
2.29087e+06,0.970835,0.0145824,0.0145824
2.34423e+06,0.973036,0.0134821,0.0134821
2.39883e+06,0.975168,0.0124161,0.0124161
2.45471e+06,0.984235,0.00788264,0.00788264
2.51189e+06,0.977331,0.0113346,0.0113346
2.5704e+06,0.99922,0.000389848,0.000389848
2.63027e+06,0.991299,0.00435026,0.00435026
2.69153e+06,0.996738,0.00163122,0.00163122
2.75423e+06,0.989758,0.00512075,0.00512075
2.81838e+06,0.976798,0.0116008,0.0116008
2.88403e+06,0.98899,0.00550501,0.00550501
2.95121e+06,0.986652,0.00667396,0.00667396
3.01995e+06,0.982413,0.00879361,0.00879361
3.0903e+06,0.977144,0.0114279,0.0114279
3.16228e+06,0.994929,0.00253542,0.00253542
3.23594e+06,0.991038,0.00448084,0.00448084
3.31131e+06,0.970432,0.0147841,0.0147841
3.38844e+06,0.981983,0.00900874,0.00900874
3.46737e+06,0.97054,0.0147298,0.0147298
3.54813e+06,0.996371,0.00181475,0.00181475
3.63078e+06,0.978149,0.0109257,0.0109257
3.71535e+06,0.994507,0.0027464,0.0027464
3.80189e+06,0.973688,0.0131559,0.0131559
3.89045e+06,0.990045,0.00497737,0.00497737
3.98107e+06,0.985755,0.00712232,0.00712232
4.0738e+06,0.970089,0.0149553,0.0149553
4.16869e+06,0.992672,0.00366376,0.00366376
4.2658e+06,0.981453,0.0092737,0.0092737
4.36516e+06,0.987352,0.00632396,0.00632396
4.46684e+06,0.984255,0.00787241,0.00787241
4.57088e+06,0.97888,0.01056,0.01056
4.67735e+06,0.999935,3.2442e-05,3.2442e-05
4.7863e+06,0.989228,0.00538611,0.00538611
4.89779e+06,0.988692,0.00565423,0.00565423
5.01187e+06,0.999975,1.2747e-05,1.2747e-05
5.12861e+06,0.969786,0.0151068,0.0151068
5.24807e+06,0.981925,0.00903748,0.00903748
5.37032e+06,0.972013,0.0139933,0.0139933
5.49541e+06,0.998371,0.000814475,0.000814475
5.62341e+06,0.994209,0.00289538,0.00289538
5.7544e+06,0.985926,0.00703683,0.00703683
5.88844e+06,0.9964,0.00179984,0.00179984
6.0256e+06,0.969875,0.0150623,0.0150623
6.16595e+06,0.970273,0.0148634,0.0148634
6.30957e+06,0.999996,2.24535e-06,2.24535e-06
6.45654e+06,0.992321,0.0038395,0.0038395
6.60693e+06,0.999942,2.87823e-05,2.87823e-05
6.76083e+06,0.969884,0.0150582,0.0150582
6.91831e+06,0.980544,0.00972805,0.00972805
7.07946e+06,0.977058,0.0114712,0.0114712
7.24436e+06,0.973106,0.013447,0.013447
7.4131e+06,0.998293,0.000853387,0.000853387
7.58578e+06,0.982002,0.00899894,0.00899894
7.76247e+06,0.969889,0.0150555,0.0150555
7.94328e+06,0.971785,0.0141077,0.0141077
8.12831e+06,0.971647,0.0141767,0.0141767
8.31764e+06,0.969799,0.0151003,0.0151003
8.51138e+06,0.973561,0.0132195,0.0132195
8.70964e+06,0.985381,0.00730951,0.00730951
8.91251e+06,0.99677,0.00161481,0.00161481
9.12011e+06,0.999981,9.56032e-06,9.56032e-06
9.33254e+06,0.998286,0.000857095,0.000857095
9.54993e+06,0.9983,0.000849779,0.000849779
9.77237e+06,0.99995,2.51589e-05,2.51589e-05
1e+07,0.988371,0.00581455,0.00581455
1.02329e+07,0.970333,0.0148335,0.0148335
1.04713e+07,0.999825,8.74895e-05,8.74895e-05
1.07152e+07,0.978033,0.0109835,0.0109835
1.09648e+07,0.969893,0.0150537,0.0150537
1.12202e+07,0.970763,0.0146183,0.0146183
1.14815e+07,0.992111,0.00394453,0.00394453
1.1749e+07,0.976633,0.0116834,0.0116834
1.20226e+07,0.996153,0.00192351,0.00192351
1.23027e+07,0.99245,0.00377521,0.00377521
1.25893e+07,0.969771,0.0151143,0.0151143
1.28825e+07,0.992841,0.00357928,0.00357928
1.31826e+07,0.994549,0.00272535,0.00272535
1.34896e+07,0.970212,0.0148939,0.0148939
1.38038e+07,0.995161,0.00241931,0.00241931
1.41254e+07,0.991797,0.00410173,0.00410173
1.44544e+07,0.972841,0.0135794,0.0135794
1.47911e+07,0.97138,0.01431,0.01431
1.51356e+07,0.977237,0.0113817,0.0113817
1.54882e+07,0.977509,0.0112454,0.0112454
1.58489e+07,0.971111,0.0144445,0.0144445
1.62181e+07,0.999957,2.1739e-05,2.1739e-05
1.65959e+07,0.999993,3.518e-06,3.518e-06
1.69824e+07,0.969683,0.0151585,0.0151585
1.7378e+07,0.969888,0.0150558,0.0150558
1.77828e+07,0.99956,0.000220066,0.000220066
1.8197e+07,0.999362,0.000318776,0.000318776
1.86209e+07,0.970026,0.0149872,0.0149872
1.90546e+07,0.969799,0.0151004,0.0151004
1.94984e+07,0.996673,0.00166341,0.00166341
1.99526e+07,0.984673,0.00766348,0.00766348
2.04174e+07,0.999603,0.000198277,0.000198277
2.0893e+07,0.985122,0.0074391,0.0074391
2.13796e+07,0.99627,0.00186487,0.00186487
2.18776e+07,0.971322,0.0143388,0.0143388
2.23872e+07,0.974903,0.0125483,0.0125483
2.29087e+07,0.978918,0.010541,0.010541
2.34423e+07,0.973232,0.0133838,0.0133838
2.39883e+07,0.969809,0.0150955,0.0150955
2.45471e+07,0.997432,0.00128386,0.00128386
2.51189e+07,0.98001,0.00999484,0.00999484
2.5704e+07,0.992664,0.00366819,0.00366819
2.63027e+07,0.978759,0.0106207,0.0106207
2.69153e+07,0.995737,0.0021313,0.0021313
2.75423e+07,0.984728,0.00763617,0.00763617
2.81838e+07,0.980119,0.00994074,0.00994074
2.88403e+07,0.97046,0.0147701,0.0147701
2.95121e+07,0.969705,0.0151477,0.0151477
3.01995e+07,0.994437,0.00278155,0.00278155
3.0903e+07,0.969838,0.0150808,0.0150808
3.16228e+07,0.971454,0.014273,0.014273
3.23594e+07,0.973086,0.0134571,0.0134571
3.31131e+07,0.998237,0.000881277,0.000881277
3.38844e+07,0.989742,0.00512901,0.00512901
3.46737e+07,0.988396,0.00580212,0.00580212
3.54813e+07,0.999877,6.16414e-05,6.16414e-05
3.63078e+07,0.969616,0.015192,0.015192
3.71535e+07,0.987783,0.00610859,0.00610859
3.80189e+07,0.992041,0.00397955,0.00397955
3.89045e+07,0.976031,0.0119844,0.0119844
3.98107e+07,0.985252,0.00737419,0.00737419
4.0738e+07,0.973773,0.0131137,0.0131137
4.16869e+07,0.988088,0.00595588,0.00595588
4.2658e+07,0.983742,0.00812878,0.00812878
4.36516e+07,0.969406,0.015297,0.015297
4.46684e+07,0.999436,0.000281777,0.000281777
4.57088e+07,0.972515,0.0137425,0.0137425
4.67735e+07,0.970841,0.0145794,0.0145794
4.7863e+07,0.970202,0.0148992,0.0148992
4.89779e+07,0.976207,0.0118967,0.0118967
5.01187e+07,0.999673,0.000163476,0.000163476
5.12861e+07,0.971116,0.0144421,0.0144421
5.24807e+07,0.980088,0.00995612,0.00995612
5.37032e+07,0.989989,0.00500553,0.00500553
5.49541e+07,0.986034,0.00698305,0.00698305
5.62341e+07,0.970312,0.0148441,0.0148441
5.7544e+07,0.989951,0.00502448,0.00502448
5.88844e+07,0.977897,0.0110514,0.0110514
6.0256e+07,0.999878,6.12426e-05,6.12426e-05
6.16595e+07,0.988095,0.00595255,0.00595255
6.30957e+07,0.983101,0.00844968,0.00844968
6.45654e+07,0.9908,0.00460015,0.00460015
6.60693e+07,0.999662,0.000168932,0.000168932
6.76083e+07,0.973335,0.0133325,0.0133325
6.91831e+07,0.99458,0.00271025,0.00271025
7.07946e+07,0.969734,0.015133,0.015133
7.24436e+07,0.990143,0.00492851,0.00492851
7.4131e+07,0.999572,0.000213798,0.000213798
7.58578e+07,0.999999,5.60968e-07,5.60968e-07
7.76247e+07,0.998072,0.000963825,0.000963825
7.94328e+07,0.982091,0.00895441,0.00895441
8.12831e+07,0.970178,0.0149109,0.0149109
8.31764e+07,0.999906,4.70924e-05,4.70924e-05
8.51138e+07,0.968485,0.0157573,0.0157573
8.70964e+07,0.996477,0.00176164,0.00176164
8.91251e+07,0.99109,0.00445503,0.00445503
9.12011e+07,0.973684,0.0131579,0.0131579
9.33254e+07,0.969294,0.0153528,0.0153528
9.54993e+07,0.96966,0.0151702,0.0151702
9.77237e+07,0.974323,0.0128387,0.0128387
1e+08,0.990522,0.00473876,0.00473876
1.02329e+08,0.998116,0.000942066,0.000942066
1.04713e+08,0.970501,0.0147495,0.0147495
1.07152e+08,0.994781,0.00260952,0.00260952
1.09648e+08,0.973193,0.0134033,0.0134033
1.12202e+08,0.999837,8.16691e-05,8.16691e-05
1.14815e+08,0.975334,0.0123332,0.0123332
1.1749e+08,0.972505,0.0137476,0.0137476
1.20226e+08,0.986952,0.00652376,0.00652376
1.23027e+08,0.996124,0.00193789,0.00193789
1.25893e+08,0.998124,0.000938183,0.000938183
1.28825e+08,0.995682,0.00215922,0.00215922
1.31826e+08,0.987474,0.00626291,0.00626291
1.34896e+08,0.973756,0.0131222,0.0131222
1.38038e+08,0.972908,0.0135461,0.0135461
1.41254e+08,0.99751,0.00124515,0.00124515
1.44544e+08,0.982185,0.00890756,0.00890756
1.47911e+08,0.977524,0.0112378,0.0112378
1.51356e+08,0.99264,0.00367989,0.00367989
1.54882e+08,0.97893,0.0105348,0.0105348
1.58489e+08,0.981838,0.0090808,0.0090808
1.62181e+08,0.998904,0.000547933,0.000547933
1.65959e+08,0.974226,0.0128871,0.0128871
1.69824e+08,0.971372,0.0143141,0.0143141
1.7378e+08,0.991496,0.00425218,0.00425218
1.77828e+08,0.999374,0.000313068,0.000313068
1.8197e+08,0.998662,0.00066876,0.00066876
1.86209e+08,0.99625,0.00187484,0.00187484
1.90546e+08,0.99604,0.00198008,0.00198008
1.94984e+08,0.997991,0.00100437,0.00100437
1.99526e+08,0.999935,3.25603e-05,3.25603e-05
2.04174e+08,0.994942,0.00252925,0.00252925
2.0893e+08,0.977519,0.0112406,0.0112406
2.13796e+08,0.969656,0.0151719,0.0151719
2.18776e+08,0.986266,0.00686688,0.00686688
2.23872e+08,0.998345,0.000827578,0.000827578
2.29087e+08,0.971371,0.0143146,0.0143146
2.34423e+08,0.98667,0.00666479,0.00666479
2.39883e+08,0.991168,0.004416,0.004416
2.45471e+08,0.971854,0.0140728,0.0140728
2.51189e+08,0.996269,0.0018657,0.0018657
2.5704e+08,0.973146,0.013427,0.013427
2.63027e+08,0.992251,0.00387468,0.00387468
2.69153e+08,0.983904,0.00804804,0.00804804
2.75423e+08,0.974366,0.0128168,0.0128168
2.81838e+08,0.999927,3.63872e-05,3.63872e-05
2.88403e+08,0.976968,0.0115158,0.0115158
2.95121e+08,0.971999,0.0140003,0.0140003
3.01995e+08,0.995576,0.00221222,0.00221222
3.0903e+08,0.995907,0.00204671,0.00204671
3.16228e+08,0.976744,0.011628,0.011628
3.23594e+08,0.967474,0.0162631,0.0162631
3.31131e+08,0.974724,0.0126382,0.0126382
3.38844e+08,0.98734,0.00633006,0.00633006
3.46737e+08,0.996051,0.00197442,0.00197442
3.54813e+08,0.999538,0.000231231,0.000231231
3.63078e+08,0.999836,8.18956e-05,8.18956e-05
3.71535e+08,0.999462,0.000268787,0.000268787
3.80189e+08,0.999041,0.000479446,0.000479446
3.89045e+08,0.999586,0.000206969,0.000206969
3.98107e+08,0.999825,8.74555e-05,8.74555e-05
4.0738e+08,0.997825,0.00108732,0.00108732
4.16869e+08,0.993012,0.00349397,0.00349397
4.2658e+08,0.983171,0.00841442,0.00841442
4.36516e+08,0.969185,0.0154076,0.0154076
4.46684e+08,0.965524,0.0172378,0.0172378
4.57088e+08,0.979657,0.0101716,0.0101716
4.67735e+08,0.99591,0.00204509,0.00204509
4.7863e+08,0.99831,0.000844849,0.000844849
4.89779e+08,0.977712,0.0111438,0.0111438
5.01187e+08,0.96331,0.0183451,0.0183451
5.12861e+08,0.989111,0.00544445,0.00544445
5.24807e+08,0.997759,0.00112069,0.00112069
5.37032e+08,0.97579,0.0121052,0.0121052
5.49541e+08,0.974111,0.0129444,0.0129444
5.62341e+08,0.999345,0.000327541,0.000327541
5.7544e+08,0.972294,0.0138528,0.0138528
5.88844e+08,0.973456,0.013272,0.013272
6.0256e+08,0.998417,0.000791723,0.000791723
6.16595e+08,0.971205,0.0143977,0.0143977
6.30957e+08,0.990508,0.00474578,0.00474578
6.45654e+08,0.989263,0.00536829,0.00536829
6.60693e+08,0.967291,0.0163545,0.0163545
6.76083e+08,0.998223,0.000888368,0.000888368
6.91831e+08,0.957864,0.0210679,0.0210679
7.07946e+08,0.999667,0.000166432,0.000166432
7.24436e+08,0.966363,0.0168185,0.0168185
7.4131e+08,0.999591,0.000204318,0.000204318
7.58578e+08,0.973514,0.0132431,0.0132431
7.76247e+08,0.997889,0.00105553,0.00105553
7.94328e+08,0.965937,0.0170315,0.0170315
8.12831e+08,0.999311,0.000344678,0.000344678
8.31764e+08,0.953087,0.0234563,0.0234563
8.51138e+08,0.994787,0.00260672,0.00260672
8.70964e+08,0.969939,0.0150303,0.0150303
8.91251e+08,0.977437,0.0112814,0.0112814
9.12011e+08,0.993876,0.00306217,0.00306217
9.33254e+08,0.97494,0.0125298,0.0125298
9.54993e+08,0.999968,1.58019e-05,1.58019e-05
9.77237e+08,0.97331,0.0133452,0.0133452
1e+09,0.991339,0.00433041,0.00433041
1.02329e+09,0.984227,0.00788652,0.00788652
1.04713e+09,0.951151,0.0244246,0.0244246
1.07152e+09,0.993174,0.00341276,0.00341276
1.09648e+09,0.978855,0.0105726,0.0105726
1.12202e+09,0.943854,0.028073,0.028073
1.14815e+09,0.985692,0.00715414,0.00715414
1.1749e+09,0.992994,0.00350302,0.00350302
1.20226e+09,0.967328,0.0163361,0.0163361
1.23027e+09,0.988107,0.00594653,0.00594653
1.25893e+09,0.997636,0.00118203,0.00118203
1.28825e+09,0.980116,0.00994206,0.00994206
1.31826e+09,0.991179,0.00441069,0.00441069
1.34896e+09,0.996495,0.00175267,0.00175267
1.38038e+09,0.965059,0.0174704,0.0174704
1.41254e+09,0.960222,0.0198892,0.0198892
1.44544e+09,0.993771,0.00311452,0.00311452
1.47911e+09,0.988025,0.00598761,0.00598761
1.51356e+09,0.934957,0.0325215,0.0325215
1.54882e+09,0.918592,0.0407038,0.0407038
1.58489e+09,0.963972,0.018014,0.018014
1.62181e+09,0.999447,0.000276457,0.000276457
1.65959e+09,0.979322,0.0103389,0.0103389
1.69824e+09,0.945206,0.0273969,0.0273969
1.7378e+09,0.94854,0.0257301,0.0257301
1.77828e+09,0.979653,0.0101734,0.0101734
1.8197e+09,0.998545,0.000727377,0.000727377
1.86209e+09,0.995113,0.00244339,0.00244339
1.90546e+09,0.990213,0.00489369,0.00489369
1.94984e+09,0.995633,0.00218367,0.00218367
1.99526e+09,0.999625,0.000187655,0.000187655
2.04174e+09,0.990786,0.00460707,0.00460707
2.0893e+09,0.978116,0.010942,0.010942
2.13796e+09,0.978961,0.0105193,0.0105193
2.18776e+09,0.993219,0.00339033,0.00339033
2.23872e+09,0.997716,0.00114192,0.00114192
2.29087e+09,0.968126,0.0159371,0.0159371
2.34423e+09,0.905032,0.0474838,0.0474838
2.39883e+09,0.838309,0.0808454,0.0808454
2.45471e+09,0.806407,0.0967963,0.0967963
2.51189e+09,0.828848,0.0855759,0.0855759
2.5704e+09,0.893028,0.053486,0.053486
2.63027e+09,0.962635,0.0186826,0.0186826
2.69153e+09,0.999027,0.000486389,0.000486389
2.75423e+09,0.980604,0.0096981,0.0096981
2.81838e+09,0.909941,0.0450294,0.0450294
2.88403e+09,0.807962,0.0960189,0.0960189
2.95121e+09,0.701453,0.149274,0.149274
3.01995e+09,0.611629,0.194185,0.194185
3.0903e+09,0.548397,0.225802,0.225802
3.16228e+09,0.51068,0.24466,0.24466
3.23594e+09,0.490372,0.254814,0.254814
3.31131e+09,0.476934,0.261533,0.261533
3.38844e+09,0.460725,0.269637,0.269637
3.46737e+09,0.434646,0.282677,0.282677
3.54813e+09,0.394624,0.302688,0.302688
3.63078e+09,0.339685,0.330157,0.330157
3.71535e+09,0.272025,0.363987,0.363987
3.80189e+09,0.197024,0.401488,0.401488
3.89045e+09,0.12293,0.438535,0.438535
3.98107e+09,0.0599404,0.47003,0.47003
4.0738e+09,0.0186713,0.490664,0.490664
4.16869e+09,0.00827402,0.495863,0.495863
4.2658e+09,0.0346353,0.482682,0.482682
4.36516e+09,0.0991071,0.450446,0.450446
4.46684e+09,0.198069,0.400966,0.400966
4.57088e+09,0.323403,0.338298,0.338298
4.67735e+09,0.463748,0.268126,0.268126
4.7863e+09,0.60622,0.19689,0.19689
4.89779e+09,0.738265,0.130867,0.130867
5.01187e+09,0.849273,0.0753633,0.0753633
5.12861e+09,0.931755,0.0341227,0.0341227
5.24807e+09,0.981926,0.00903709,0.00903709
5.37032e+09,0.999721,0.000139419,0.000139419
5.49541e+09,0.988319,0.00584069,0.00584069
5.62341e+09,0.953338,0.0233309,0.0233309
5.7544e+09,0.901878,0.0490609,0.0490609
5.88844e+09,0.841547,0.0792263,0.0792263
6.0256e+09,0.779615,0.110192,0.110192
6.16595e+09,0.722357,0.138822,0.138822
6.30957e+09,0.674631,0.162684,0.162684
6.45654e+09,0.639685,0.180157,0.180157
6.60693e+09,0.619161,0.19042,0.19042
6.76083e+09,0.613251,0.193375,0.193375
6.91831e+09,0.62096,0.18952,0.18952
7.07946e+09,0.640416,0.179792,0.179792
7.24436e+09,0.669187,0.165407,0.165407
7.4131e+09,0.704584,0.147708,0.147708
7.58578e+09,0.74394,0.12803,0.12803
7.76247e+09,0.784764,0.107618,0.107618
7.94328e+09,0.824896,0.0875521,0.0875521
8.12831e+09,0.862589,0.0687053,0.0687053
8.31764e+09,0.896542,0.0517288,0.0517288
8.51138e+09,0.92589,0.037055,0.037055
8.70964e+09,0.950169,0.0249153,0.0249153
8.91251e+09,0.969264,0.015368,0.015368
9.12011e+09,0.983339,0.00833054,0.00833054
9.33254e+09,0.992773,0.00361374,0.00361374
9.54993e+09,0.998091,0.000954342,0.000954342
9.77237e+09,0.99991,4.47544e-05,4.47544e-05
1e+10,0.998883,0.000558369,0.000558369
1.02329e+10,0.99566,0.00217005,0.00217005
1.04713e+10,0.990856,0.0045718,0.0045718
1.07152e+10,0.985032,0.00748377,0.00748377
1.09648e+10,0.978677,0.0106613,0.0106613
1.12202e+10,0.972203,0.0138984,0.0138984
1.14815e+10,0.965943,0.0170287,0.0170287
1.1749e+10,0.960153,0.0199237,0.0199237
1.20226e+10,0.955019,0.0224907,0.0224907
1.23027e+10,0.950664,0.0246681,0.0246681
1.25893e+10,0.947157,0.0264217,0.0264217
1.28825e+10,0.94452,0.0277399,0.0277399
1.31826e+10,0.942741,0.0286295,0.0286295
1.34896e+10,0.941778,0.0291112,0.0291112
1.38038e+10,0.941568,0.0292158,0.0292158
1.41254e+10,0.942037,0.0289814,0.0289814
1.44544e+10,0.9431,0.02845,0.02845
1.47911e+10,0.944669,0.0276654,0.0276654
1.51356e+10,0.946657,0.0266715,0.0266715
1.54882e+10,0.948979,0.0255105,0.0255105
1.58489e+10,0.951555,0.0242223,0.0242223
1.62181e+10,0.954313,0.0228433,0.0228433
1.65959e+10,0.957187,0.0214064,0.0214064
1.69824e+10,0.960119,0.0199404,0.0199404
1.7378e+10,0.963059,0.0184703,0.0184703
1.77828e+10,0.965966,0.017017,0.017017
1.8197e+10,0.968804,0.015598,0.015598
1.86209e+10,0.971546,0.0142271,0.0142271
1.90546e+10,0.97417,0.0129152,0.0129152
1.94984e+10,0.976659,0.0116703,0.0116703
1.99526e+10,0.979004,0.0104979,0.0104979
2.04174e+10,0.981197,0.00940163,0.00940163
2.0893e+10,0.983234,0.00838305,0.00838305
2.13796e+10,0.985115,0.00744236,0.00744236
2.18776e+10,0.986843,0.0065785,0.0065785
2.23872e+10,0.988421,0.00578945,0.00578945
2.29087e+10,0.989855,0.00507241,0.00507241
2.34423e+10,0.991152,0.00442402,0.00442402
2.39883e+10,0.992319,0.00384051,0.00384051
2.45471e+10,0.993364,0.00331784,0.00331784
2.51189e+10,0.994296,0.00285185,0.00285185
2.5704e+10,0.995123,0.0024383,0.0024383
2.63027e+10,0.995854,0.002073,0.002073
2.69153e+10,0.996496,0.00175184,0.00175184
2.75423e+10,0.997058,0.00147085,0.00147085
2.81838e+10,0.997548,0.00122624,0.00122624
2.88403e+10,0.997971,0.00101443,0.00101443
2.95121e+10,0.998336,0.000832039,0.000832039
3.01995e+10,0.998648,0.000675921,0.000675921
3.0903e+10,0.998914,0.000543163,0.000543163
3.16228e+10,0.999138,0.000431081,0.000431081
3.23594e+10,0.999326,0.000337217,0.000337217
3.31131e+10,0.999481,0.000259332,0.000259332
3.38844e+10,0.999609,0.000195392,0.000195392
3.46737e+10,0.999713,0.000143565,0.000143565
3.54813e+10,0.999796,0.000102203,0.000102203
3.63078e+10,0.99986,6.98306e-05,6.98306e-05
3.71535e+10,0.99991,4.51342e-05,4.51342e-05
3.80189e+10,0.999946,2.69477e-05,2.69477e-05
3.89045e+10,0.999972,1.42407e-05,1.42407e-05
3.98107e+10,0.999988,6.10642e-06,6.10642e-06
4.0738e+10,0.999996,1.75034e-06,1.75034e-06
4.16869e+10,0.999999,4.79388e-07,4.79388e-07
4.2658e+10,0.999997,1.69175e-06,1.69175e-06
4.36516e+10,0.99999,4.86743e-06,4.86743e-06
4.46684e+10,0.999981,9.55947e-06,9.55947e-06
4.57088e+10,0.999969,1.53859e-05,1.53859e-05
4.67735e+10,0.999956,2.20221e-05,2.20221e-05
4.7863e+10,0.999942,2.91947e-05,2.91947e-05
4.89779e+10,0.999927,3.66745e-05,3.66745e-05
5.01187e+10,0.999911,4.42719e-05,4.42719e-05
5.12861e+10,0.999896,5.1831e-05,5.1831e-05
5.24807e+10,0.999882,5.92258e-05,5.92258e-05
5.37032e+10,0.999867,6.63561e-05,6.63561e-05
5.49541e+10,0.999854,7.31436e-05,7.31436e-05
5.62341e+10,0.999841,7.95289e-05,7.95289e-05
5.7544e+10,0.999829,8.54688e-05,8.54688e-05
5.88844e+10,0.999818,9.09338e-05,9.09338e-05
6.0256e+10,0.999808,9.59058e-05,9.59058e-05
6.16595e+10,0.999799,0.000100376,0.000100376
6.30957e+10,0.999791,0.000104345,0.000104345
6.45654e+10,0.999784,0.000107817,0.000107817
6.60693e+10,0.999778,0.000110804,0.000110804
6.76083e+10,0.999773,0.000113321,0.000113321
6.91831e+10,0.999769,0.000115387,0.000115387
7.07946e+10,0.999766,0.000117022,0.000117022
7.24436e+10,0.999764,0.00011825,0.00011825
7.4131e+10,0.999762,0.000119093,0.000119093
7.58578e+10,0.999761,0.000119576,0.000119576
7.76247e+10,0.999761,0.000119725,0.000119725
7.94328e+10,0.999761,0.000119563,0.000119563
8.12831e+10,0.999762,0.000119116,0.000119116
8.31764e+10,0.999763,0.000118407,0.000118407
8.51138e+10,0.999765,0.000117459,0.000117459
8.70964e+10,0.999767,0.000116296,0.000116296
8.91251e+10,0.99977,0.000114937,0.000114937
9.12011e+10,0.999773,0.000113405,0.000113405
9.33254e+10,0.999777,0.000111718,0.000111718
9.54993e+10,0.99978,0.000109895,0.000109895
9.77237e+10,0.999784,0.000107952,0.000107952
1e+11,0.999788,0.000105908,0.000105908
1.02329e+11,0.999792,0.000103775,0.000103775
1.04713e+11,0.999797,0.000101569,0.000101569
1.07152e+11,0.999801,9.93024e-05,9.93024e-05
1.09648e+11,0.999806,9.69875e-05,9.69875e-05
1.12202e+11,0.999811,9.46355e-05,9.46355e-05
1.14815e+11,0.999815,9.22563e-05,9.22563e-05
1.1749e+11,0.99982,8.98595e-05,8.98595e-05
1.20226e+11,0.999825,8.74535e-05,8.74535e-05
1.23027e+11,0.99983,8.50461e-05,8.50461e-05
1.25893e+11,0.999835,8.26442e-05,8.26442e-05
1.28825e+11,0.999839,8.02541e-05,8.02541e-05
1.31826e+11,0.999844,7.78815e-05,7.78815e-05
1.34896e+11,0.999849,7.55315e-05,7.55315e-05
1.38038e+11,0.999854,7.32084e-05,7.32084e-05
1.41254e+11,0.999858,7.09163e-05,7.09163e-05
1.44544e+11,0.999863,6.86586e-05,6.86586e-05
1.47911e+11,0.999867,6.64384e-05,6.64384e-05
1.51356e+11,0.999871,6.42582e-05,6.42582e-05
1.54882e+11,0.999876,6.21202e-05,6.21202e-05
1.58489e+11,0.99988,6.00263e-05,6.00263e-05
1.62181e+11,0.999884,5.7978e-05,5.7978e-05
1.65959e+11,0.999888,5.59766e-05,5.59766e-05
1.69824e+11,0.999892,5.40231e-05,5.40231e-05
1.7378e+11,0.999896,5.21181e-05,5.21181e-05
1.77828e+11,0.999899,5.02623e-05,5.02623e-05
1.8197e+11,0.999903,4.84558e-05,4.84558e-05
1.86209e+11,0.999907,4.66989e-05,4.66989e-05
1.90546e+11,0.99991,4.49914e-05,4.49914e-05
1.94984e+11,0.999913,4.33332e-05,4.33332e-05
1.99526e+11,0.999917,4.1724e-05,4.1724e-05
2.04174e+11,0.99992,4.01634e-05,4.01634e-05
2.0893e+11,0.999923,3.86509e-05,3.86509e-05
2.13796e+11,0.999926,3.71857e-05,3.71857e-05
2.18776e+11,0.999928,3.57673e-05,3.57673e-05
2.23872e+11,0.999931,3.43948e-05,3.43948e-05
2.29087e+11,0.999934,3.30675e-05,3.30675e-05
2.34423e+11,0.999936,3.17844e-05,3.17844e-05
2.39883e+11,0.999939,3.05448e-05,3.05448e-05
2.45471e+11,0.999941,2.93475e-05,2.93475e-05
2.51189e+11,0.999944,2.81917e-05,2.81917e-05
2.5704e+11,0.999946,2.70763e-05,2.70763e-05
2.63027e+11,0.999948,2.60004e-05,2.60004e-05
2.69153e+11,0.99995,2.49629e-05,2.49629e-05
2.75423e+11,0.999952,2.39628e-05,2.39628e-05
2.81838e+11,0.999954,2.29991e-05,2.29991e-05
2.88403e+11,0.999956,2.20707e-05,2.20707e-05
2.95121e+11,0.999958,2.11766e-05,2.11766e-05
3.01995e+11,0.999959,2.03158e-05,2.03158e-05
3.0903e+11,0.999961,1.94873e-05,1.94873e-05
3.16228e+11,0.999963,1.86901e-05,1.86901e-05
3.23594e+11,0.999964,1.79231e-05,1.79231e-05
3.31131e+11,0.999966,1.71855e-05,1.71855e-05
3.38844e+11,0.999967,1.64763e-05,1.64763e-05
3.46737e+11,0.999968,1.57945e-05,1.57945e-05
3.54813e+11,0.99997,1.51392e-05,1.51392e-05
3.63078e+11,0.999971,1.45095e-05,1.45095e-05
3.71535e+11,0.999972,1.39046e-05,1.39046e-05
3.80189e+11,0.999973,1.33235e-05,1.33235e-05
3.89045e+11,0.999974,1.27655e-05,1.27655e-05
3.98107e+11,0.999976,1.22297e-05,1.22297e-05
4.0738e+11,0.999977,1.17153e-05,1.17153e-05
4.16869e+11,0.999978,1.12215e-05,1.12215e-05
4.2658e+11,0.999979,1.07477e-05,1.07477e-05
4.36516e+11,0.999979,1.0293e-05,1.0293e-05
4.46684e+11,0.99998,9.85671e-06,9.85671e-06
4.57088e+11,0.999981,9.43821e-06,9.43821e-06
4.67735e+11,0.999982,9.0368e-06,9.0368e-06
4.7863e+11,0.999983,8.65184e-06,8.65184e-06
4.89779e+11,0.999983,8.2827e-06,8.2827e-06
5.01187e+11,0.999984,7.92876e-06,7.92876e-06
5.12861e+11,0.999985,7.58945e-06,7.58945e-06
5.24807e+11,0.999985,7.2642e-06,7.2642e-06
5.37032e+11,0.999986,6.95246e-06,6.95245e-06
5.49541e+11,0.999987,6.65369e-06,6.65369e-06
5.62341e+11,0.999987,6.36739e-06,6.36739e-06
5.7544e+11,0.999988,6.09307e-06,6.09307e-06
5.88844e+11,0.999988,5.83025e-06,5.83025e-06
6.0256e+11,0.999989,5.57847e-06,5.57847e-06
6.16595e+11,0.999989,5.33729e-06,5.33729e-06
6.30957e+11,0.99999,5.10628e-06,5.10628e-06
6.45654e+11,0.99999,4.88504e-06,4.88504e-06
6.60693e+11,0.999991,4.67316e-06,4.67316e-06
6.76083e+11,0.999991,4.47027e-06,4.47027e-06
6.91831e+11,0.999991,4.276e-06,4.276e-06
7.07946e+11,0.999992,4.08999e-06,4.08999e-06
7.24436e+11,0.999992,3.91192e-06,3.91192e-06
7.4131e+11,0.999993,3.74144e-06,3.74144e-06
7.58578e+11,0.999993,3.57826e-06,3.57826e-06
7.76247e+11,0.999993,3.42206e-06,3.42206e-06
7.94328e+11,0.999993,3.27256e-06,3.27256e-06
8.12831e+11,0.999994,3.12948e-06,3.12948e-06
8.31764e+11,0.999994,2.99255e-06,2.99255e-06
8.51138e+11,0.999994,2.86151e-06,2.86151e-06
8.70964e+11,0.999995,2.73612e-06,2.73612e-06
8.91251e+11,0.999995,2.61614e-06,2.61614e-06
9.12011e+11,0.999995,2.50135e-06,2.50135e-06
9.33254e+11,0.999995,2.39152e-06,2.39152e-06
9.54993e+11,0.999995,2.28645e-06,2.28645e-06
9.77237e+11,0.999996,2.18592e-06,2.18592e-06
1e+12,0.999996,2.08977e-06,2.08977e-06
1.02329e+12,0.999996,1.99778e-06,1.99778e-06
1.04713e+12,0.999996,1.9098e-06,1.9098e-06
1.07152e+12,0.999996,1.82564e-06,1.82564e-06
1.09648e+12,0.999997,1.74515e-06,1.74515e-06
1.12202e+12,0.999997,1.66817e-06,1.66817e-06
1.14815e+12,0.999997,1.59454e-06,1.59454e-06
1.1749e+12,0.999997,1.52413e-06,1.52413e-06
1.20226e+12,0.999997,1.4568e-06,1.4568e-06
1.23027e+12,0.999997,1.39241e-06,1.39241e-06
1.25893e+12,0.999997,1.33084e-06,1.33084e-06
1.28825e+12,0.999997,1.27197e-06,1.27197e-06
1.31826e+12,0.999998,1.21567e-06,1.21567e-06
1.34896e+12,0.999998,1.16185e-06,1.16185e-06
1.38038e+12,0.999998,1.11038e-06,1.11038e-06
1.41254e+12,0.999998,1.06118e-06,1.06118e-06
1.44544e+12,0.999998,1.01414e-06,1.01414e-06
1.47911e+12,0.999998,9.69166e-07,9.69166e-07
1.51356e+12,0.999998,9.26172e-07,9.26172e-07
1.54882e+12,0.999998,8.85071e-07,8.85071e-07
1.58489e+12,0.999998,8.45779e-07,8.45779e-07
1.62181e+12,0.999998,8.0822e-07,8.0822e-07
1.65959e+12,0.999998,7.72316e-07,7.72316e-07
1.69824e+12,0.999999,7.37997e-07,7.37997e-07
1.7378e+12,0.999999,7.05192e-07,7.05192e-07
1.77828e+12,0.999999,6.73836e-07,6.73836e-07
1.8197e+12,0.999999,6.43865e-07,6.43865e-07
1.86209e+12,0.999999,6.15219e-07,6.15219e-07
1.90546e+12,0.999999,5.8784e-07,5.8784e-07
1.94984e+12,0.999999,5.61672e-07,5.61672e-07
1.99526e+12,0.999999,5.36662e-07,5.36662e-07
2.04174e+12,0.999999,5.1276e-07,5.1276e-07
2.0893e+12,0.999999,4.89917e-07,4.89917e-07
2.13796e+12,0.999999,4.68085e-07,4.68085e-07
2.18776e+12,0.999999,4.47222e-07,4.47222e-07
2.23872e+12,0.999999,4.27284e-07,4.27284e-07
2.29087e+12,0.999999,4.0823e-07,4.0823e-07
2.34423e+12,0.999999,3.90022e-07,3.90022e-07
2.39883e+12,0.999999,3.72622e-07,3.72622e-07
2.45471e+12,0.999999,3.55996e-07,3.55996e-07
2.51189e+12,0.999999,3.40107e-07,3.40107e-07
2.5704e+12,0.999999,3.24925e-07,3.24925e-07
2.63027e+12,0.999999,3.10417e-07,3.10417e-07
2.69153e+12,0.999999,2.96555e-07,2.96555e-07
2.75423e+12,0.999999,2.83309e-07,2.83309e-07
2.81838e+12,0.999999,2.70653e-07,2.70653e-07
2.88403e+12,0.999999,2.5856e-07,2.5856e-07
2.95121e+12,1,2.47005e-07,2.47005e-07
3.01995e+12,1,2.35965e-07,2.35965e-07
3.0903e+12,1,2.25416e-07,2.25416e-07
3.16228e+12,1,2.15338e-07,2.15338e-07
3.23594e+12,1,2.05708e-07,2.05708e-07
3.31131e+12,1,1.96508e-07,1.96508e-07
3.38844e+12,1,1.87718e-07,1.87718e-07
3.46737e+12,1,1.79319e-07,1.79319e-07
3.54813e+12,1,1.71296e-07,1.71296e-07
3.63078e+12,1,1.6363e-07,1.6363e-07
3.71535e+12,1,1.56307e-07,1.56307e-07
3.80189e+12,1,1.4931e-07,1.4931e-07
3.89045e+12,1,1.42626e-07,1.42626e-07
3.98107e+12,1,1.3624e-07,1.3624e-07
4.0738e+12,1,1.30139e-07,1.30139e-07
4.16869e+12,1,1.24311e-07,1.24311e-07
4.2658e+12,1,1.18743e-07,1.18743e-07
4.36516e+12,1,1.13424e-07,1.13424e-07
4.46684e+12,1,1.08342e-07,1.08342e-07
4.57088e+12,1,1.03488e-07,1.03488e-07
4.67735e+12,1,9.88508e-08,9.88508e-08
4.7863e+12,1,9.44209e-08,9.44209e-08
4.89779e+12,1,9.0189e-08,9.0189e-08
5.01187e+12,1,8.61465e-08,8.61465e-08
5.12861e+12,1,8.22847e-08,8.22847e-08
5.24807e+12,1,7.85958e-08,7.85958e-08
5.37032e+12,1,7.50719e-08,7.50719e-08
5.49541e+12,1,7.17057e-08,7.17057e-08
5.62341e+12,1,6.84901e-08,6.84901e-08
5.7544e+12,1,6.54185e-08,6.54185e-08
5.88844e+12,1,6.24844e-08,6.24844e-08
6.0256e+12,1,5.96817e-08,5.96817e-08
