100000,0.970553,0.0147233,0.0147233
101625,0.993114,0.00344278,0.00344278
103276,0.993478,0.00326109,0.00326109
104954,0.99231,0.00384511,0.00384511
106660,0.991806,0.00409693,0.00409693
108393,0.983797,0.00810135,0.00810135
110154,0.969875,0.0150625,0.0150625
111944,0.983489,0.0082556,0.0082556
113763,0.999997,1.24732e-06,1.24732e-06
115611,0.995364,0.00231785,0.00231785
117490,0.998339,0.000830402,0.000830402
119399,0.981393,0.00930352,0.00930352
121339,0.988027,0.00598664,0.00598664
123310,0.978122,0.0109388,0.0109388
125314,0.998156,0.000922227,0.000922227
127350,0.999532,0.000234121,0.000234121
129420,0.970502,0.0147491,0.0147491
131522,0.999202,0.00039896,0.00039896
133660,0.983947,0.00802656,0.00802656
135831,0.97211,0.0139452,0.0139452
138038,0.970723,0.0146386,0.0146386
140281,0.978939,0.0105303,0.0105303
142561,0.9699,0.0150501,0.0150501
144877,0.971762,0.014119,0.014119
147231,0.971035,0.0144823,0.0144823
149624,0.974944,0.0125281,0.0125281
152055,0.983935,0.0080327,0.0080327
154525,0.978488,0.010756,0.010756
157036,0.999358,0.000320828,0.000320828
159588,0.987497,0.00625139,0.00625139
162181,0.981925,0.00903744,0.00903744
164816,0.999607,0.000196684,0.000196684
167494,0.98781,0.00609516,0.00609516
170216,0.970914,0.0145429,0.0145429
172982,0.999976,1.20031e-05,1.20031e-05
175792,0.979787,0.0101063,0.0101063
178649,0.980336,0.00983176,0.00983176
181552,0.970962,0.0145192,0.0145192
184502,0.985104,0.00744789,0.00744789
187499,0.996251,0.00187462,0.00187462
190546,0.969877,0.0150615,0.0150615
193642,0.987598,0.00620107,0.00620107
196789,0.984301,0.00784929,0.00784929
199986,0.98235,0.00882481,0.00882481
203236,0.99238,0.00381024,0.00381024
206538,0.984965,0.00751747,0.00751747
209894,0.992975,0.00351255,0.00351255
213304,0.984954,0.00752303,0.00752303
216770,0.988324,0.00583811,0.00583811
220293,0.985025,0.0074877,0.0074877
223872,0.970862,0.0145689,0.0145689
227510,0.993879,0.0030604,0.0030604
231206,0.992897,0.00355151,0.00355151
234963,0.986033,0.00698357,0.00698357
238781,0.986957,0.00652152,0.00652152
242661,0.992632,0.00368392,0.00368392
246604,0.993953,0.00302353,0.00302353
250611,0.970419,0.0147907,0.0147907
254683,0.99202,0.00399006,0.00399006
258821,0.999985,7.57218e-06,7.57218e-06
263027,0.984032,0.00798421,0.00798421
267301,0.987718,0.00614089,0.00614089
271644,0.995893,0.00205332,0.00205332
276058,0.989564,0.00521816,0.00521816
280543,0.979988,0.0100061,0.0100061
285102,0.993295,0.00335261,0.00335261
289734,0.995238,0.00238108,0.00238108
294442,0.999999,2.77818e-07,2.77818e-07
299226,0.970313,0.0148435,0.0148435
304089,0.970206,0.0148969,0.0148969
309030,0.986716,0.00664222,0.00664222
314051,0.999729,0.000135463,0.000135463
319154,0.996517,0.00174138,0.00174138
324340,0.989984,0.00500812,0.00500812
329610,0.997697,0.00115156,0.00115156
334965,0.986711,0.00664451,0.00664451
340408,0.971271,0.0143645,0.0143645
345939,0.983493,0.00825339,0.00825339
351560,0.970255,0.0148723,0.0148723
357273,0.988749,0.00562544,0.00562544
363078,0.979148,0.0104258,0.0104258
368978,0.998233,0.000883314,0.000883314
374973,0.970817,0.0145913,0.0145913
381066,0.980175,0.00991256,0.00991256
387258,0.969964,0.015018,0.015018
393550,0.983677,0.00816155,0.00816155
399945,0.991083,0.00445828,0.00445828
406443,0.979817,0.0100917,0.0100917
413048,0.996419,0.00179041,0.00179041
419759,0.982517,0.00874164,0.00874164
426580,0.999738,0.000131153,0.000131153
433511,0.987622,0.00618896,0.00618896
440555,0.980212,0.00989416,0.00989416
447713,0.978887,0.0105567,0.0105567
454988,0.998293,0.000853527,0.000853527
462381,0.973952,0.0130239,0.0130239
469894,0.970376,0.014812,0.014812
477529,0.982782,0.00860878,0.00860878
485289,0.971147,0.0144267,0.0144267
493174,0.996521,0.00173962,0.00173962
501187,0.969867,0.0150663,0.0150663
509331,0.992925,0.00353771,0.00353771
517607,0.98181,0.009095,0.009095
526017,0.999245,0.000377703,0.000377703
534564,0.999581,0.000209494,0.000209494
543250,0.970753,0.0146233,0.0146233
552077,0.969917,0.0150414,0.0150414
561048,0.980695,0.00965225,0.00965225
570164,0.997069,0.0014654,0.0014654
579429,0.970826,0.0145872,0.0145872
588844,0.999584,0.000207939,0.000207939
598412,0.989214,0.0053929,0.0053929
608135,0.991932,0.00403384,0.00403384
618016,0.986049,0.00697568,0.00697568
628058,0.994882,0.00255905,0.00255905
638263,0.974081,0.0129596,0.0129596
648634,0.989767,0.00511637,0.00511637
659174,0.987304,0.00634775,0.00634775
669885,0.975391,0.0123043,0.0123043
680769,0.969844,0.015078,0.015078
691831,0.970904,0.0145478,0.0145478
703072,0.971024,0.0144881,0.0144881
714496,0.999549,0.000225361,0.000225361
726106,0.982477,0.0087616,0.0087616
737904,0.999038,0.000481212,0.000481212
749894,0.980793,0.00960366,0.00960366
762079,0.997097,0.00145171,0.00145171
774462,0.988456,0.00577181,0.00577181
787046,0.995512,0.00224401,0.00224401
799834,0.998345,0.000827717,0.000827717
812831,0.979379,0.0103107,0.0103107
826038,0.969843,0.0150785,0.0150785
839460,0.970843,0.0145784,0.0145784
853100,0.971936,0.014032,0.014032
866962,0.999975,1.2477e-05,1.2477e-05
881049,0.988656,0.00567183,0.00567183
895365,1,2.21212e-07,2.21212e-07
909913,0.981754,0.00912308,0.00912308
924698,0.999985,7.45204e-06,7.45204e-06
939723,0.999082,0.000458798,0.000458798
954993,0.972571,0.0137145,0.0137145
970510,0.99964,0.000180232,0.000180232
986279,0.978131,0.0109347,0.0109347
1.00231e+06,0.970143,0.0149284,0.0149284
1.01859e+06,0.982384,0.00880781,0.00880781
1.03514e+06,0.999571,0.000214692,0.000214692
1.05196e+06,0.979225,0.0103873,0.0103873
1.06905e+06,0.992546,0.00372709,0.00372709
1.08643e+06,0.972258,0.013871,0.013871
1.10408e+06,0.975518,0.0122412,0.0122412
1.12202e+06,0.999318,0.000340989,0.000340989
1.14025e+06,0.994909,0.00254541,0.00254541
1.15878e+06,0.993645,0.00317768,0.00317768
1.17761e+06,0.99962,0.00018996,0.00018996
1.19674e+06,0.975455,0.0122724,0.0122724
1.21619e+06,0.973434,0.0132828,0.0132828
1.23595e+06,0.996694,0.00165299,0.00165299
1.25603e+06,0.971265,0.0143676,0.0143676
1.27644e+06,0.991934,0.00403324,0.00403324
1.29718e+06,0.998576,0.000712066,0.000712066
1.31826e+06,0.998567,0.000716388,0.000716388
1.33968e+06,0.995648,0.0021761,0.0021761
1.36144e+06,0.991067,0.00446628,0.00446628
1.38357e+06,0.989642,0.00517904,0.00517904
1.40605e+06,0.995572,0.00221397,0.00221397
1.42889e+06,0.997862,0.00106915,0.00106915
1.45211e+06,0.969964,0.0150181,0.0150181
1.47571e+06,0.997094,0.00145324,0.00145324
1.49968e+06,0.999988,6.13478e-06,6.13478e-06
1.52405e+06,0.989374,0.00531306,0.00531306
1.54882e+06,0.986756,0.00662187,0.00662187
1.57398e+06,0.983722,0.00813919,0.00813919
1.59956e+06,0.993968,0.00301576,0.00301576
1.62555e+06,0.999503,0.000248288,0.000248288
1.65196e+06,0.970363,0.0148184,0.0148184
1.6788e+06,0.970979,0.0145103,0.0145103
1.70608e+06,0.999888,5.61364e-05,5.61364e-05
1.7338e+06,0.985714,0.00714286,0.00714286
1.76198e+06,0.994399,0.00280038,0.00280038
1.79061e+06,0.985599,0.00720041,0.00720041
1.8197e+06,0.995628,0.00218582,0.00218582
1.84927e+06,0.982176,0.00891213,0.00891213
1.87932e+06,0.984263,0.00786834,0.00786834
1.90985e+06,0.997521,0.00123966,0.00123966
1.94089e+06,0.991365,0.00431767,0.00431767
1.97242e+06,0.970036,0.0149818,0.0149818
2.00447e+06,0.997834,0.00108309,0.00108309
2.03704e+06,0.979404,0.0102982,0.0102982
2.07014e+06,0.978644,0.0106782,0.0106782
2.10378e+06,0.999999,2.81789e-07,2.81789e-07
2.13796e+06,0.98689,0.00655504,0.00655504
2.1727e+06,0.976626,0.0116869,0.0116869
2.208e+06,0.979452,0.0102741,0.0102741
2.24388e+06,0.997194,0.00140312,0.00140312
2.28034e+06,0.978702,0.0106489,0.0106489
2.31739e+06,0.999703,0.000148592,0.000148592
2.35505e+06,0.996036,0.00198177,0.00198177
2.39332e+06,0.997846,0.00107677,0.00107677
2.4322e+06,0.973181,0.0134097,0.0134097
2.47172e+06,0.970016,0.0149922,0.0149922
2.51189e+06,0.981449,0.00927547,0.00927547
2.5527e+06,0.976162,0.0119192,0.0119192
2.59418e+06,0.972339,0.0138305,0.0138305
2.63633e+06,0.997819,0.00109045,0.00109045
2.67917e+06,0.996705,0.00164731,0.00164731
2.7227e+06,0.974614,0.0126932,0.0126932
2.76694e+06,0.974737,0.0126313,0.0126313
2.8119e+06,0.997707,0.00114674,0.00114674
2.85759e+06,0.999848,7.62397e-05,7.62397e-05
2.90402e+06,0.982591,0.00870463,0.00870463
2.95121e+06,0.999481,0.000259514,0.000259514
2.99916e+06,0.99999,4.9715e-06,4.9715e-06
3.04789e+06,0.97295,0.0135251,0.0135251
3.09742e+06,0.996746,0.00162712,0.00162712
3.14775e+06,0.996101,0.00194956,0.00194956
3.1989e+06,0.972354,0.0138228,0.0138228
3.25087e+06,0.999387,0.000306698,0.000306698
3.3037e+06,0.98404,0.00798017,0.00798017
3.35738e+06,0.984504,0.00774814,0.00774814
3.41193e+06,0.999252,0.000373887,0.000373887
3.46737e+06,0.977346,0.0113268,0.0113268
3.52371e+06,0.995816,0.00209206,0.00209206
3.58096e+06,0.971101,0.0144494,0.0144494
3.63915e+06,0.974065,0.0129676,0.0129676
3.69828e+06,0.980649,0.00967535,0.00967535
3.75837e+06,0.980065,0.00996775,0.00996775
3.81944e+06,0.973933,0.0130335,0.0130335
3.8815e+06,0.969859,0.0150707,0.0150707
3.94457e+06,0.978496,0.0107522,0.0107522
4.00867e+06,0.995207,0.00239634,0.00239634
4.0738e+06,0.998825,0.000587346,0.000587346
4.14e+06,0.985373,0.00731345,0.00731345
4.20727e+06,0.972733,0.0136336,0.0136336
4.27563e+06,0.969851,0.0150744,0.0150744
4.3451e+06,0.970997,0.0145016,0.0145016
4.4157e+06,0.970354,0.0148229,0.0148229
4.48745e+06,0.971113,0.0144436,0.0144436
4.56037e+06,0.987584,0.00620787,0.00620787
4.63447e+06,0.996685,0.00165747,0.00165747
4.70977e+06,0.971172,0.0144141,0.0144141
4.7863e+06,0.991868,0.00406606,0.00406606
4.86407e+06,0.99888,0.000559794,0.000559794
4.94311e+06,0.995596,0.0022018,0.0022018
5.02343e+06,0.999999,7.4344e-07,7.4344e-07
5.10505e+06,0.978575,0.0107124,0.0107124
5.188e+06,0.993886,0.00305708,0.00305708
5.2723e+06,0.973152,0.0134238,0.0134238
5.35797e+06,0.972745,0.0136275,0.0136275
5.44503e+06,0.993194,0.00340279,0.00340279
5.5335e+06,0.976438,0.0117812,0.0117812
5.62341e+06,0.995941,0.0020293,0.0020293
5.71479e+06,0.991476,0.00426209,0.00426209
5.80764e+06,0.970125,0.0149376,0.0149376
5.90201e+06,0.990118,0.00494086,0.00494086
5.99791e+06,0.99193,0.00403485,0.00403485
6.09537e+06,0.969915,0.0150424,0.0150424
6.19441e+06,0.995359,0.00232038,0.00232038
6.29506e+06,0.995529,0.00223564,0.00223564
6.39735e+06,0.969883,0.0150587,0.0150587
6.5013e+06,0.988434,0.00578299,0.00578299
6.60693e+06,0.978311,0.0108444,0.0108444
6.71429e+06,0.991503,0.00424868,0.00424868
6.82339e+06,0.982311,0.00884438,0.00884438
6.93426e+06,0.999674,0.00016297,0.00016297
7.04693e+06,0.986143,0.00692867,0.00692867
7.16143e+06,0.998214,0.000892752,0.000892751
7.2778e+06,0.969898,0.0150508,0.0150508
7.39605e+06,0.97092,0.0145398,0.0145398
7.51623e+06,0.998909,0.000545258,0.000545258
7.63836e+06,0.999824,8.79908e-05,8.79908e-05
7.76247e+06,0.970252,0.0148741,0.0148741
7.8886e+06,0.973983,0.0130084,0.0130084
8.01678e+06,0.988283,0.0058584,0.0058584
8.14704e+06,0.97945,0.0102752,0.0102752
8.27942e+06,0.996978,0.00151113,0.00151113
8.41395e+06,0.999777,0.000111264,0.000111264
8.55067e+06,0.969994,0.0150032,0.0150032
8.6896e+06,0.970545,0.0147277,0.0147277
8.8308e+06,0.999566,0.000216919,0.000216919
8.97429e+06,0.999901,4.9488e-05,4.9488e-05
9.12011e+06,0.974284,0.012858,0.012858
9.2683e+06,0.988883,0.00555867,0.00555867
9.4189e+06,0.969964,0.015018,0.015018
9.57194e+06,0.992112,0.00394417,0.00394417
9.72747e+06,0.981446,0.0092772,0.0092772
9.88553e+06,0.991011,0.00449444,0.00449444
1.00462e+07,0.985212,0.00739417,0.00739417
1.02094e+07,0.99759,0.00120515,0.00120515
1.03753e+07,0.991596,0.00420209,0.00420209
1.05439e+07,0.99905,0.000474889,0.000474889
1.07152e+07,0.970663,0.0146686,0.0146686
1.08893e+07,0.978215,0.0108925,0.0108925
1.10662e+07,0.971214,0.014393,0.014393
1.1246e+07,0.99122,0.0043898,0.0043898
1.14288e+07,0.993751,0.00312443,0.00312443
1.16145e+07,0.97001,0.0149952,0.0149952
1.18032e+07,0.994556,0.00272185,0.00272185
1.1995e+07,0.993883,0.00305847,0.00305847
1.21899e+07,0.969779,0.0151105,0.0151105
1.2388e+07,0.992328,0.00383588,0.00383588
1.25893e+07,0.992339,0.00383059,0.00383059
1.27938e+07,0.969807,0.0150964,0.0150964
1.30017e+07,0.99578,0.00211003,0.00211003
1.3213e+07,0.998725,0.000637302,0.000637302
1.34276e+07,0.978921,0.0105396,0.0105396
1.36458e+07,0.994728,0.00263617,0.00263617
1.38676e+07,0.980783,0.0096086,0.0096086
1.40929e+07,0.992991,0.00350436,0.00350436
1.43219e+07,0.983966,0.0080171,0.0080171
1.45546e+07,0.999527,0.000236406,0.000236406
1.47911e+07,0.998839,0.000580641,0.000580641
1.50314e+07,0.990746,0.00462683,0.00462683
1.52757e+07,0.98053,0.00973499,0.00973499
1.55239e+07,0.969814,0.0150928,0.0150928
1.57761e+07,0.969918,0.0150412,0.0150412
1.60325e+07,0.991271,0.00436469,0.00436469
1.6293e+07,0.974805,0.0125977,0.0125977
1.65577e+07,0.993041,0.00347928,0.00347928
1.68267e+07,0.989931,0.0050346,0.0050346
1.71002e+07,0.969975,0.0150126,0.0150126
1.7378e+07,0.99991,4.50198e-05,4.50198e-05
1.76604e+07,0.982542,0.00872892,0.00872892
1.79473e+07,0.979851,0.0100743,0.0100743
1.8239e+07,0.996611,0.00169471,0.00169471
1.85353e+07,0.979533,0.0102335,0.0102335
1.88365e+07,0.998946,0.000526836,0.000526836
1.91426e+07,0.98835,0.0058248,0.0058248
1.94536e+07,0.993298,0.00335115,0.00335115
1.97697e+07,0.996639,0.00168047,0.00168047
2.00909e+07,0.971395,0.0143026,0.0143026
2.04174e+07,0.985448,0.00727587,0.00727587
2.07491e+07,0.996587,0.00170646,0.00170646
2.10863e+07,0.992302,0.00384912,0.00384912
2.14289e+07,0.971655,0.0141725,0.0141725
2.17771e+07,0.994234,0.00288305,0.00288305
2.21309e+07,0.969828,0.0150861,0.0150861
2.24905e+07,0.98164,0.00918014,0.00918014
2.2856e+07,0.983162,0.00841895,0.00841895
2.32274e+07,0.97123,0.0143848,0.0143848
2.36048e+07,0.985879,0.00706066,0.00706066
2.39883e+07,0.983449,0.00827551,0.00827551
2.43781e+07,0.9988,0.000599825,0.000599825
2.47742e+07,0.987024,0.00648805,0.00648805
2.51768e+07,0.986951,0.00652426,0.00652426
2.55859e+07,0.998613,0.000693585,0.000693585
2.60016e+07,0.985037,0.00748135,0.00748135
2.64241e+07,0.981919,0.00904074,0.00904074
2.68534e+07,0.976476,0.0117619,0.0117619
2.72898e+07,0.996116,0.00194176,0.00194176
2.77332e+07,0.999579,0.000210554,0.000210554
2.81838e+07,0.996883,0.00155839,0.00155839
2.86418e+07,0.97898,0.0105098,0.0105098
2.91072e+07,0.976907,0.0115465,0.0115465
2.95801e+07,0.993697,0.00315126,0.00315126
3.00608e+07,0.987166,0.00641698,0.00641698
3.05492e+07,0.96996,0.0150199,0.0150199
3.10456e+07,0.971405,0.0142976,0.0142976
3.155e+07,0.970635,0.0146825,0.0146825
3.20627e+07,0.971942,0.0140291,0.0140291
3.25837e+07,0.994608,0.00269596,0.00269596
3.31131e+07,0.984075,0.00796266,0.00796266
3.36512e+07,0.98723,0.00638482,0.00638482
3.41979e+07,0.971838,0.0140808,0.0140808
3.47536e+07,0.992298,0.00385116,0.00385116
3.53183e+07,0.999549,0.000225688,0.000225688
3.58922e+07,0.99983,8.49563e-05,8.49563e-05
3.64754e+07,0.995823,0.00208845,0.00208845
3.70681e+07,0.977616,0.0111919,0.0111919
3.76704e+07,0.975431,0.0122843,0.0122843
3.82825e+07,0.99866,0.000669995,0.000669995
3.89045e+07,0.972235,0.0138823,0.0138823
3.95367e+07,0.986985,0.00650774,0.00650774
4.01791e+07,0.99953,0.00023518,0.00023518
4.08319e+07,0.988932,0.0055341,0.0055341
4.14954e+07,0.982508,0.00874606,0.00874606
4.21697e+07,0.985288,0.00735577,0.00735577
4.28549e+07,0.995872,0.00206389,0.00206389
4.35512e+07,0.997171,0.00141429,0.00141429
4.42588e+07,0.971938,0.014031,0.014031
4.4978e+07,0.990521,0.00473939,0.00473939
4.57088e+07,0.979778,0.0101108,0.0101108
4.64515e+07,0.996047,0.00197655,0.00197655
4.72063e+07,0.970244,0.0148782,0.0148782
4.79733e+07,0.980007,0.00999648,0.00999648
4.87528e+07,0.994769,0.00261542,0.00261542
4.9545e+07,0.999131,0.000434495,0.000434495
5.03501e+07,0.999154,0.000423179,0.000423179
5.11682e+07,0.995014,0.00249304,0.00249304
5.19996e+07,0.980917,0.00954127,0.00954127
5.28445e+07,0.969689,0.0151557,0.0151557
5.37032e+07,0.992693,0.00365374,0.00365374
5.45758e+07,0.987246,0.00637675,0.00637675
5.54626e+07,0.978583,0.0107087,0.0107087
5.63638e+07,0.987894,0.00605292,0.00605292
5.72796e+07,0.991322,0.00433917,0.00433917
5.82103e+07,0.969459,0.0152706,0.0152706
5.91562e+07,0.98575,0.00712494,0.00712494
6.01174e+07,0.99922,0.000390154,0.000390154
6.10942e+07,0.998534,0.000733009,0.000733009
6.20869e+07,0.995478,0.00226093,0.00226093
6.30957e+07,0.996102,0.0019488,0.0019488
6.4121e+07,0.999446,0.000277212,0.000277212
6.51628e+07,0.997454,0.00127297,0.00127297
6.62217e+07,0.980806,0.00959721,0.00959721
6.72977e+07,0.970126,0.0149368,0.0149368
6.83912e+07,0.995028,0.00248616,0.00248616
6.95024e+07,0.98514,0.00743021,0.00743021
7.06318e+07,0.978207,0.0108967,0.0108967
7.17794e+07,0.991827,0.00408647,0.00408647
7.29458e+07,0.981902,0.00904906,0.00904906
7.4131e+07,0.977752,0.0111241,0.0111241
7.53356e+07,0.999903,4.82638e-05,4.82638e-05
7.65597e+07,0.979338,0.0103308,0.0103308
7.78037e+07,0.969864,0.015068,0.015068
7.90679e+07,0.982447,0.00877667,0.00877667
8.03526e+07,0.994473,0.00276336,0.00276336
8.16582e+07,0.999056,0.000472169,0.000472169
8.29851e+07,0.999852,7.40452e-05,7.40452e-05
8.43335e+07,0.999599,0.000200473,0.000200473
8.57038e+07,0.99715,0.00142512,0.00142512
8.70964e+07,0.988676,0.00566189,0.00566189
8.85116e+07,0.974605,0.0126973,0.0126973
8.99498e+07,0.970449,0.0147757,0.0147757
9.14113e+07,0.990208,0.00489601,0.00489601
9.28966e+07,0.997121,0.00143966,0.00143966
9.44061e+07,0.970593,0.0147034,0.0147034
9.59401e+07,0.99003,0.00498503,0.00498503
9.7499e+07,0.987002,0.00649875,0.00649875
9.90832e+07,0.978355,0.0108226,0.0108226
1.00693e+08,0.990854,0.00457309,0.00457309
1.02329e+08,0.981941,0.0090297,0.0090297
1.03992e+08,0.979657,0.0101715,0.0101715
1.05682e+08,0.99804,0.000979773,0.000979773
1.07399e+08,0.970777,0.0146113,0.0146113
1.09144e+08,0.982831,0.00858447,0.00858447
1.10917e+08,0.999993,3.25662e-06,3.25662e-06
1.1272e+08,0.985887,0.00705636,0.00705636
1.14551e+08,0.970368,0.0148159,0.0148159
1.16413e+08,0.97183,0.0140851,0.0140851
1.18304e+08,0.982115,0.0089425,0.0089425
1.20226e+08,0.991057,0.00447144,0.00447144
1.2218e+08,0.995813,0.0020934,0.0020934
1.24165e+08,0.997481,0.00125949,0.00125949
1.26183e+08,0.99723,0.00138505,0.00138505
1.28233e+08,0.994885,0.00255756,0.00255756
1.30317e+08,0.989185,0.00540729,0.00540729
1.32434e+08,0.979695,0.0101527,0.0101527
1.34586e+08,0.970444,0.014778,0.014778
1.36773e+08,0.971215,0.0143923,0.0143923
1.38995e+08,0.987015,0.00649251,0.00649251
1.41254e+08,0.999981,9.57684e-06,9.57684e-06
1.43549e+08,0.985402,0.0072988,0.0072988
1.45881e+08,0.968896,0.0155518,0.0155518
1.48252e+08,0.990654,0.00467318,0.00467318
1.50661e+08,0.993997,0.00300144,0.00300144
1.53109e+08,0.968784,0.0156081,0.0156081
1.55597e+08,0.995877,0.00206162,0.00206162
1.58125e+08,0.980536,0.00973186,0.00973186
1.60694e+08,0.98168,0.00915978,0.00915978
1.63305e+08,0.990939,0.00453058,0.00453058
1.65959e+08,0.976258,0.0118711,0.0118711
1.68655e+08,0.99181,0.00409497,0.00409497
1.71396e+08,0.979637,0.0101813,0.0101813
1.74181e+08,0.983701,0.00814929,0.00814929
1.77011e+08,0.992178,0.0039111,0.0039111
1.79887e+08,0.969917,0.0150417,0.0150417
1.8281e+08,0.998998,0.000501107,0.000501107
1.8578e+08,0.979547,0.0102266,0.0102266
1.88799e+08,0.973639,0.0131803,0.0131803
1.91867e+08,0.999034,0.000482761,0.000482761
1.94984e+08,0.985642,0.00717884,0.00717884
1.98153e+08,0.968466,0.015767,0.015767
2.01372e+08,0.984872,0.00756405,0.00756405
2.04644e+08,0.999931,3.47219e-05,3.47219e-05
2.0797e+08,0.989277,0.0053616,0.0053616
2.11349e+08,0.972044,0.0139781,0.0139781
2.14783e+08,0.96949,0.0152552,0.0152552
2.18273e+08,0.980672,0.00966386,0.00966386
2.2182e+08,0.99344,0.00328,0.00328
2.25424e+08,0.999636,0.000181875,0.000181875
2.29087e+08,0.998635,0.00068271,0.00068271
2.32809e+08,0.993632,0.00318408,0.00318408
2.36592e+08,0.987866,0.00606681,0.00606681
2.40436e+08,0.983172,0.00841416,0.00841416
2.44343e+08,0.980147,0.00992674,0.00992674
2.48313e+08,0.978786,0.0106068,0.0106068
2.52348e+08,0.978978,0.0105108,0.0105108
2.56448e+08,0.98072,0.00963981,0.00963981
2.60615e+08,0.984084,0.00795815,0.00795815
2.6485e+08,0.988946,0.00552682,0.00552682
2.69153e+08,0.994538,0.00273122,0.00273122
2.73527e+08,0.999001,0.000499564,0.000499564
2.77971e+08,0.999495,0.000252437,0.000252437
2.82488e+08,0.993552,0.00322412,0.00322412
2.87078e+08,0.98182,0.00909002,0.00909002
2.91743e+08,0.970395,0.0148024,0.0148024
2.96483e+08,0.968764,0.0156182,0.0156182
3.01301e+08,0.981029,0.00948542,0.00948542
3.06196e+08,0.996881,0.00155967,0.00155967
3.11172e+08,0.997383,0.00130872,0.00130872
3.16228e+08,0.979247,0.0103763,0.0103763
3.21366e+08,0.967546,0.0162272,0.0162272
3.26588e+08,0.98273,0.00863503,0.00863503
3.31894e+08,0.999845,7.72884e-05,7.72884e-05
3.37287e+08,0.985163,0.00741831,0.00741831
3.42768e+08,0.967333,0.0163337,0.0163337
3.48337e+08,0.986472,0.00676383,0.00676383
3.53997e+08,0.998528,0.000736019,0.000736019
3.59749e+08,0.972597,0.0137015,0.0137015
3.65595e+08,0.976393,0.0118033,0.0118033
3.71535e+08,0.999938,3.09203e-05,3.09203e-05
3.77572e+08,0.975238,0.0123809,0.0123809
3.83707e+08,0.976223,0.0118887,0.0118887
3.89942e+08,0.999602,0.000198866,0.000198866
3.96278e+08,0.970264,0.0148679,0.0148679
4.02717e+08,0.985591,0.0072046,0.0072046
4.09261e+08,0.992571,0.00371432,0.00371432
4.15911e+08,0.967565,0.0162176,0.0162176
4.22669e+08,0.99926,0.000369808,0.000369808
4.29536e+08,0.971947,0.0140266,0.0140266
4.36516e+08,0.987599,0.00620072,0.00620072
4.43609e+08,0.985856,0.0070721,0.0070721
4.50817e+08,0.974749,0.0126255,0.0126255
4.58142e+08,0.995602,0.00219905,0.00219905
4.65586e+08,0.968172,0.0159141,0.0159141
4.73151e+08,0.999264,0.000367792,0.000367792
4.80839e+08,0.966303,0.0168487,0.0168487
4.88652e+08,0.999879,6.04825e-05,6.04825e-05
4.96592e+08,0.966031,0.0169846,0.0169846
5.04661e+08,0.999878,6.09526e-05,6.09526e-05
5.12861e+08,0.965906,0.017047,0.017047
5.21195e+08,0.999659,0.000170436,0.000170436
5.29663e+08,0.966558,0.016721,0.016721
5.3827e+08,0.997641,0.0011796,0.0011796
5.47016e+08,0.970348,0.0148262,0.0148262
5.55904e+08,0.991056,0.00447177,0.00447177
5.64937e+08,0.97974,0.0101302,0.0101302
5.74116e+08,0.978851,0.0105744,0.0105744
5.83445e+08,0.992977,0.00351144,0.00351144
5.92925e+08,0.966866,0.0165672,0.0165672
6.0256e+08,0.999778,0.000110804,0.000110804
6.1235e+08,0.968267,0.0158667,0.0158667
6.223e+08,0.988247,0.00587649,0.00587649
6.32412e+08,0.987378,0.00631109,0.00631109
6.42688e+08,0.967692,0.0161541,0.0161541
6.53131e+08,0.999644,0.000177752,0.000177752
6.63743e+08,0.97091,0.0145451,0.0145451
6.74528e+08,0.980141,0.00992934,0.00992934
6.85488e+08,0.996366,0.00181682,0.00181682
6.96627e+08,0.96466,0.0176701,0.0176701
7.07946e+08,0.989169,0.00541542,0.00541542
7.19449e+08,0.990752,0.00462392,0.00462392
7.31139e+08,0.96383,0.0180852,0.0180852
7.43019e+08,0.992271,0.00386441,0.00386441
7.55092e+08,0.988965,0.00551773,0.00551773
7.67361e+08,0.963454,0.0182729,0.0182729
7.7983e+08,0.990655,0.00467267,0.00467267
7.92501e+08,0.991955,0.00402257,0.00402257
8.05378e+08,0.963457,0.0182713,0.0182713
8.18465e+08,0.983771,0.00811472,0.00811472
8.31764e+08,0.997619,0.00119034,0.00119034
8.45279e+08,0.968202,0.0158991,0.0158991
8.59014e+08,0.971577,0.0142115,0.0142115
8.72971e+08,0.998779,0.000610709,0.000610709
8.87156e+08,0.982285,0.00885741,0.00885741
9.01571e+08,0.962028,0.0189859,0.0189859
9.1622e+08,0.985485,0.00725734,0.00725734
9.31108e+08,0.998075,0.00096249,0.00096249
9.46237e+08,0.971501,0.0142495,0.0142495
9.61612e+08,0.964158,0.0179209,0.0179209
9.77237e+08,0.991212,0.00439376,0.00439376
9.93116e+08,0.995676,0.00216192,0.00216192
1.00925e+09,0.968631,0.0156843,0.0156843
1.02565e+09,0.963807,0.0180967,0.0180967
1.04232e+09,0.989891,0.00505464,0.00505464
1.05925e+09,0.997181,0.00140929,0.00140929
1.07647e+09,0.972471,0.0137643,0.0137643
1.09396e+09,0.96011,0.019945,0.019945
1.11173e+09,0.981054,0.0094728,0.0094728
1.1298e+09,0.999084,0.000458066,0.000458066
1.14815e+09,0.984418,0.00779094,0.00779094
1.16681e+09,0.960937,0.0195314,0.0195314
1.18577e+09,0.965112,0.0174442,0.0174442
1.20504e+09,0.989804,0.00509783,0.00509783
1.22462e+09,0.997994,0.00100301,0.00100301
1.24451e+09,0.978081,0.0109594,0.0109594
1.26474e+09,0.958172,0.0209139,0.0209139
1.28529e+09,0.964978,0.0175109,0.0175109
1.30617e+09,0.988699,0.00565026,0.00565026
1.32739e+09,0.998363,0.000818262,0.000818262
1.34896e+09,0.982033,0.00898359,0.00898359
1.37088e+09,0.959796,0.0201022,0.0201022
1.39316e+09,0.957653,0.0211736,0.0211736
1.41579e+09,0.977333,0.0113336,0.0113336
1.4388e+09,0.996263,0.00186835,0.00186835
1.46218e+09,0.993828,0.00308606,0.00308606
1.48594e+09,0.972819,0.0135906,0.0135906
1.51008e+09,0.95475,0.0226249,0.0226249
1.53462e+09,0.957112,0.0214439,0.0214439
1.55955e+09,0.976903,0.0115487,0.0115487
1.58489e+09,0.99505,0.00247509,0.00247509
1.61065e+09,0.994945,0.00252746,0.00252746
1.63682e+09,0.976832,0.011584,0.011584
1.66341e+09,0.956254,0.0218728,0.0218728
1.69044e+09,0.949974,0.0250131,0.0250131
1.71791e+09,0.962413,0.0187936,0.0187936
1.74582e+09,0.983195,0.00840234,0.00840234
1.77419e+09,0.996173,0.0019133,0.0019133
1.80302e+09,0.991732,0.00413394,0.00413394
1.83231e+09,0.973109,0.0134457,0.0134457
1.86209e+09,0.953129,0.0234353,0.0234353
1.89234e+09,0.944857,0.0275714,0.0275714
1.92309e+09,0.953088,0.023456,0.023456
1.95434e+09,0.971989,0.0140056,0.0140056
1.98609e+09,0.989505,0.00524749,0.00524749
2.01837e+09,0.99499,0.00250498,0.00250498
2.05116e+09,0.985205,0.00739754,0.00739754
2.08449e+09,0.965533,0.0172335,0.0172335
2.11836e+09,0.946394,0.0268029,0.0268029
2.15278e+09,0.937398,0.0313008,0.0313008
2.18776e+09,0.942539,0.0287303,0.0287303
2.22331e+09,0.958672,0.0206641,0.0206641
2.25944e+09,0.977565,0.0112176,0.0112176
2.29615e+09,0.990091,0.00495445,0.00495445
2.33346e+09,0.99037,0.00481512,0.00481512
2.37137e+09,0.978057,0.0109716,0.0109716
2.40991e+09,0.958059,0.0209703,0.0209703
2.44906e+09,0.93814,0.0309302,0.0309302
2.48886e+09,0.925645,0.0371777,0.0371777
2.5293e+09,0.924744,0.037628,0.037628
2.5704e+09,0.935136,0.0324321,0.0324321
2.61216e+09,0.952492,0.023754,0.023754
2.65461e+09,0.970254,0.0148732,0.0148732
2.69774e+09,0.981983,0.00900838,0.00900838
2.74157e+09,0.983429,0.00828533,0.00828533
2.78612e+09,0.973684,0.0131579,0.0131579
2.83139e+09,0.955203,0.0223983,0.0223983
2.8774e+09,0.932833,0.0335835,0.0335835
2.92415e+09,0.912263,0.0438685,0.0438685
2.97167e+09,0.89841,0.0507948,0.0507948
3.01995e+09,0.894181,0.0529095,0.0529095
3.06902e+09,0.89988,0.05006,0.05006
3.11889e+09,0.91333,0.0433351,0.0433351
3.16957e+09,0.93057,0.0347148,0.0347148
3.22107e+09,0.946898,0.0265508,0.0265508
3.27341e+09,0.957958,0.0210211,0.0210211
3.3266e+09,0.96064,0.01968,0.01968
3.38065e+09,0.953622,0.0231888,0.0231888
3.43558e+09,0.93749,0.0312551,0.0312551
3.4914e+09,0.91447,0.0427647,0.0427647
3.54813e+09,0.887893,0.0560533,0.0560533
3.60579e+09,0.861504,0.0692476,0.0692476
3.66438e+09,0.838791,0.0806044,0.0806044
3.72392e+09,0.822421,0.0887895,0.0887895
3.78443e+09,0.813885,0.0930572,0.0930572
3.84592e+09,0.813366,0.0933167,0.0933167
3.90841e+09,0.819817,0.0900911,0.0900911
3.97192e+09,0.83122,0.08439,0.08439
4.03645e+09,0.844942,0.0775289,0.0775289
4.10204e+09,0.858145,0.0709274,0.0709274
4.16869e+09,0.868163,0.0659181,0.0659181
4.23643e+09,0.872821,0.0635891,0.0635891
4.30527e+09,0.870646,0.0646769,0.0646769
4.37522e+09,0.860975,0.0695125,0.0695125
4.44631e+09,0.843954,0.0780226,0.0780226
4.51856e+09,0.820452,0.0897739,0.0897739
4.59198e+09,0.791897,0.104051,0.104051
4.66659e+09,0.760092,0.119954,0.119954
4.74242e+09,0.727004,0.136498,0.136498
4.81948e+09,0.694572,0.152714,0.152714
4.89779e+09,0.664543,0.167728,0.167728
4.97737e+09,0.638343,0.180828,0.180828
5.05825e+09,0.617004,0.191498,0.191498
5.14044e+09,0.601124,0.199438,0.199438
5.22396e+09,0.590872,0.204564,0.204564
5.30884e+09,0.586033,0.206983,0.206983
5.39511e+09,0.586066,0.206967,0.206967
5.48277e+09,0.590185,0.204907,0.204907
5.57186e+09,0.597447,0.201276,0.201276
5.66239e+09,0.606829,0.196585,0.196585
5.7544e+09,0.617312,0.191344,0.191344
5.8479e+09,0.627944,0.186028,0.186028
5.94292e+09,0.637887,0.181056,0.181056
6.03949e+09,0.64646,0.17677,0.17677
6.13762e+09,0.653151,0.173424,0.173424
6.23735e+09,0.657632,0.171184,0.171184
6.3387e+09,0.659748,0.170126,0.170126
6.44169e+09,0.659505,0.170247,0.170247
6.54636e+09,0.65705,0.171475,0.171475
6.65273e+09,0.652642,0.173679,0.173679
6.76083e+09,0.646629,0.176685,0.176685
6.87068e+09,0.639414,0.180293,0.180293
6.98232e+09,0.631432,0.184284,0.184284
7.09578e+09,0.623127,0.188436,0.188436
7.21107e+09,0.614925,0.192537,0.192537
7.32825e+09,0.607225,0.196387,0.196387
7.44732e+09,0.600379,0.19981,0.19981
7.56833e+09,0.594688,0.202656,0.202656
7.6913e+09,0.590392,0.204804,0.204804
7.81628e+09,0.587672,0.206164,0.206164
7.94328e+09,0.586648,0.206676,0.206676
8.07235e+09,0.587382,0.206309,0.206309
8.20352e+09,0.589883,0.205058,0.205058
8.33681e+09,0.594114,0.202943,0.202943
8.47227e+09,0.599997,0.200001,0.200001
8.60994e+09,0.607422,0.196289,0.196289
8.74984e+09,0.616252,0.191874,0.191874
8.89201e+09,0.62633,0.186835,0.186835
9.03649e+09,0.637488,0.181256,0.181256
9.18333e+09,0.649552,0.175224,0.175224
9.33254e+09,0.662344,0.168828,0.168828
9.48418e+09,0.675691,0.162154,0.162154
9.63829e+09,0.689427,0.155286,0.155286
9.7949e+09,0.703394,0.148303,0.148303
9.95405e+09,0.717448,0.141276,0.141276
1.01158e+10,0.731456,0.134272,0.134272
1.02802e+10,0.745302,0.127349,0.127349
1.04472e+10,0.758884,0.120558,0.120558
1.0617e+10,0.772115,0.113943,0.113943
1.07895e+10,0.784922,0.107539,0.107539
1.09648e+10,0.797248,0.101376,0.101376
1.11429e+10,0.809047,0.0954764,0.0954764
1.1324e+10,0.820287,0.0898565,0.0898565
1.1508e+10,0.830945,0.0845273,0.0845273
1.1695e+10,0.841011,0.0794945,0.0794945
1.1885e+10,0.85048,0.0747598,0.0747598
1.20781e+10,0.859358,0.070321,0.070321
1.22744e+10,0.867655,0.0661726,0.0661726
1.24738e+10,0.875387,0.0623067,0.0623067
1.26765e+10,0.882574,0.0587131,0.0587131
1.28825e+10,0.88924,0.0553799,0.0553799
1.30918e+10,0.895411,0.0522943,0.0522943
1.33045e+10,0.901116,0.0494422,0.0494422
1.35207e+10,0.906382,0.0468092,0.0468092
1.37404e+10,0.911239,0.0443807,0.0443807
1.39637e+10,0.915716,0.042142,0.042142
1.41906e+10,0.919843,0.0400787,0.0400787
1.44212e+10,0.923647,0.0381766,0.0381766
1.46555e+10,0.927155,0.0364223,0.0364223
1.48936e+10,0.930395,0.0348027,0.0348027
1.51356e+10,0.933389,0.0333055,0.0333055
1.53815e+10,0.936161,0.0319194,0.0319194
1.56315e+10,0.938733,0.0306334,0.0306334
1.58855e+10,0.941125,0.0294376,0.0294376
1.61436e+10,0.943354,0.0283228,0.0283228
1.64059e+10,0.945439,0.0272807,0.0272807
1.66725e+10,0.947393,0.0263035,0.0263035
1.69434e+10,0.949231,0.0253844,0.0253844
1.72187e+10,0.950966,0.024517,0.024517
1.74985e+10,0.952608,0.0236958,0.0236958
1.77828e+10,0.954169,0.0229157,0.0229157
1.80717e+10,0.955655,0.0221725,0.0221725
1.83654e+10,0.957076,0.021462,0.021462
1.86638e+10,0.958438,0.020781,0.020781
1.89671e+10,0.959747,0.0201265,0.0201265
1.92752e+10,0.961008,0.0194958,0.0194958
1.95884e+10,0.962227,0.0188867,0.0188867
1.99067e+10,0.963406,0.0182972,0.0182972
2.02302e+10,0.964548,0.0177258,0.0177258
2.05589e+10,0.965658,0.017171,0.017171
2.0893e+10,0.966737,0.0166317,0.0166317
2.12324e+10,0.967786,0.0161068,0.0161068
2.15774e+10,0.968809,0.0155956,0.0155956
2.1928e+10,0.969805,0.0150973,0.0150973
2.22844e+10,0.970777,0.0146113,0.0146113
2.26464e+10,0.971725,0.0141374,0.0141374
2.30144e+10,0.97265,0.0136749,0.0136749
2.33884e+10,0.973553,0.0132237,0.0132237
2.37684e+10,0.974433,0.0127835,0.0127835
2.41546e+10,0.975292,0.0123541,0.0123541
2.45471e+10,0.976129,0.0119354,0.0119354
2.49459e+10,0.976946,0.0115271,0.0115271
2.53513e+10,0.977742,0.0111292,0.0111292
2.57632e+10,0.978517,0.0107416,0.0107416
2.61818e+10,0.979272,0.0103641,0.0103641
2.66073e+10,0.980006,0.00999677,0.00999677
2.70396e+10,0.980721,0.00963941,0.00963941
2.74789e+10,0.981416,0.00929196,0.00929196
2.79254e+10,0.982091,0.00895434,0.00895434
2.83792e+10,0.982747,0.00862643,0.00862643
2.88403e+10,0.983384,0.00830815,0.00830815
2.93089e+10,0.984001,0.00799937,0.00799937
2.97852e+10,0.9846,0.00769998,0.00769998
3.02691e+10,0.98518,0.00740986,0.00740986
3.0761e+10,0.985742,0.00712886,0.00712886
3.12608e+10,0.986286,0.00685685,0.00685685
3.17687e+10,0.986813,0.00659367,0.00659367
3.22849e+10,0.987322,0.00633916,0.00633916
3.28095e+10,0.987814,0.00609317,0.00609317
3.33426e+10,0.988289,0.00585552,0.00585552
3.38844e+10,0.988748,0.00562604,0.00562604
3.4435e+10,0.989191,0.00540455,0.00540455
3.49945e+10,0.989618,0.00519086,0.00519086
3.55631e+10,0.99003,0.00498478,0.00498478
3.6141e+10,0.990428,0.00478613,0.00478613
3.67282e+10,0.990811,0.00459471,0.00459471
3.7325e+10,0.991179,0.00441034,0.00441034
3.79315e+10,0.991534,0.0042328,0.0042328
3.85478e+10,0.991876,0.00406192,0.00406192
3.91742e+10,0.992205,0.00389749,0.00389749
3.98107e+10,0.992521,0.00373933,0.00373933
4.04576e+10,0.992826,0.00358723,0.00358723
4.1115e+10,0.993118,0.00344102,0.00344102
4.1783e+10,0.993399,0.00330049,0.00330049
4.2462e+10,0.993669,0.00316547,0.00316547
4.31519e+10,0.993928,0.00303577,0.00303577
4.38531e+10,0.994178,0.00291121,0.00291121
4.45656e+10,0.994417,0.00279162,0.00279162
4.52898e+10,0.994646,0.00267681,0.00267681
4.60257e+10,0.994867,0.00256663,0.00256663
4.67735e+10,0.995078,0.0024609,0.0024609
4.75335e+10,0.995281,0.00235946,0.00235946
4.83059e+10,0.995476,0.00226215,0.00226215
4.90908e+10,0.995662,0.00216882,0.00216882
4.98884e+10,0.995841,0.00207933,0.00207933
5.06991e+10,0.996013,0.00199351,0.00199351
5.15229e+10,0.996178,0.00191124,0.00191124
5.236e+10,0.996335,0.00183237,0.00183237
5.32108e+10,0.996486,0.00175677,0.00175677
5.40754e+10,0.996631,0.00168432,0.00168432
5.49541e+10,0.99677,0.00161488,0.00161488
5.5847e+10,0.996903,0.00154834,0.00154834
5.67545e+10,0.997031,0.00148458,0.00148458
5.76766e+10,0.997153,0.0014235,0.0014235
5.86138e+10,0.99727,0.00136497,0.00136497
5.95662e+10,0.997382,0.00130889,0.00130889
6.05341e+10,0.99749,0.00125517,0.00125517
6.15177e+10,0.997593,0.00120371,0.00120371
6.25173e+10,0.997691,0.00115442,0.00115442
6.35331e+10,0.997786,0.00110719,0.00110719
6.45654e+10,0.997876,0.00106196,0.00106196
6.56145e+10,0.997963,0.00101863,0.00101863
6.66807e+10,0.998046,0.00097712,0.00097712
6.77642e+10,0.998125,0.00093736,0.00093736
6.88652e+10,0.998201,0.000899274,0.000899274
6.99842e+10,0.998274,0.000862791,0.000862791
7.11214e+10,0.998344,0.000827842,0.000827842
7.2277e+10,0.998411,0.000794363,0.000794363
7.34514e+10,0.998475,0.000762291,0.000762291
7.46449e+10,0.998537,0.000731565,0.000731565
7.58578e+10,0.998596,0.00070213,0.00070213
7.70903e+10,0.998652,0.000673928,0.000673928
7.8343e+10,0.998706,0.000646908,0.000646908
7.96159e+10,0.998758,0.000621018,0.000621018
8.09096e+10,0.998808,0.000596211,0.000596211
8.22243e+10,0.998855,0.000572439,0.000572439
8.35603e+10,0.998901,0.00054966,0.00054966
8.4918e+10,0.998944,0.000527829,0.000527829
8.62979e+10,0.998986,0.000506906,0.000506906
8.77001e+10,0.999026,0.000486852,0.000486852
8.91251e+10,0.999065,0.00046763,0.00046763
9.05733e+10,0.999102,0.000449204,0.000449204
9.2045e+10,0.999137,0.00043154,0.00043154
9.35406e+10,0.999171,0.000414605,0.000414605
9.50605e+10,0.999203,0.000398369,0.000398369
9.66051e+10,0.999234,0.0003828,0.0003828
9.81748e+10,0.999264,0.000367871,0.000367871
9.977e+10,0.999293,0.000353554,0.000353554
1.01391e+11,0.99932,0.000339823,0.000339823
1.03039e+11,0.999347,0.000326653,0.000326653
1.04713e+11,0.999372,0.00031402,0.00031402
1.06414e+11,0.999396,0.000301901,0.000301901
1.08143e+11,0.999419,0.000290274,0.000290274
1.09901e+11,0.999442,0.000279119,0.000279119
1.11686e+11,0.999463,0.000268415,0.000268415
1.13501e+11,0.999484,0.000258143,0.000258143
1.15345e+11,0.999503,0.000248285,0.000248285
1.1722e+11,0.999522,0.000238823,0.000238823
1.19124e+11,0.999541,0.000229741,0.000229741
1.2106e+11,0.999558,0.000221023,0.000221023
1.23027e+11,0.999575,0.000212653,0.000212653
1.25026e+11,0.999591,0.000204616,0.000204616
1.27057e+11,0.999606,0.0001969,0.0001969
1.29122e+11,0.999621,0.00018949,0.00018949
1.3122e+11,0.999635,0.000182373,0.000182373
1.33352e+11,0.999649,0.000175537,0.000175537
1.35519e+11,0.999662,0.000168972,0.000168972
1.37721e+11,0.999675,0.000162664,0.000162664
1.39959e+11,0.999687,0.000156605,0.000156605
1.42233e+11,0.999698,0.000150782,0.000150782
1.44544e+11,0.99971,0.000145188,0.000145188
1.46893e+11,0.99972,0.000139811,0.000139811
1.49279e+11,0.999731,0.000134644,0.000134644
1.51705e+11,0.999741,0.000129678,0.000129678
1.5417e+11,0.99975,0.000124904,0.000124904
1.56675e+11,0.999759,0.000120315,0.000120315
1.59221e+11,0.999768,0.000115902,0.000115902
1.61808e+11,0.999777,0.00011166,0.00011166
1.64437e+11,0.999785,0.000107581,0.000107581
1.67109e+11,0.999793,0.000103658,0.000103658
1.69824e+11,0.9998,9.98847e-05,9.98847e-05
1.72584e+11,0.999807,9.62557e-05,9.62557e-05
1.75388e+11,0.999814,9.2765e-05,9.2765e-05
1.78238e+11,0.999821,8.9407e-05,8.9407e-05
1.81134e+11,0.999828,8.61763e-05,8.61763e-05
1.84077e+11,0.999834,8.30679e-05,8.30679e-05
1.87068e+11,0.99984,8.00768e-05,8.00768e-05
1.90108e+11,0.999846,7.71985e-05,7.71985e-05
1.93197e+11,0.999851,7.44284e-05,7.44284e-05
1.96336e+11,0.999856,7.17622e-05,7.17622e-05
1.99526e+11,0.999862,6.91959e-05,6.91959e-05
2.02768e+11,0.999867,6.67255e-05,6.67255e-05
2.06063e+11,0.999871,6.43473e-05,6.43473e-05
2.09411e+11,0.999876,6.20575e-05,6.20575e-05
2.12814e+11,0.99988,5.98528e-05,5.98528e-05
2.16272e+11,0.999885,5.77299e-05,5.77299e-05
2.19786e+11,0.999889,5.56855e-05,5.56855e-05
2.23357e+11,0.999893,5.37165e-05,5.37165e-05
2.26986e+11,0.999896,5.18202e-05,5.18202e-05
2.30675e+11,0.9999,4.99935e-05,4.99935e-05
2.34423e+11,0.999904,4.8234e-05,4.8234e-05
2.38232e+11,0.999907,4.65389e-05,4.65389e-05
2.42103e+11,0.99991,4.49057e-05,4.49057e-05
2.46037e+11,0.999913,4.33322e-05,4.33322e-05
2.50035e+11,0.999916,4.18161e-05,4.18161e-05
2.54097e+11,0.999919,4.0355e-05,4.0355e-05
2.58226e+11,0.999922,3.8947e-05,3.8947e-05
2.62422e+11,0.999925,3.759e-05,3.759e-05
2.66686e+11,0.999927,3.62821e-05,3.62821e-05
2.71019e+11,0.99993,3.50214e-05,3.50214e-05
2.75423e+11,0.999932,3.38062e-05,3.38062e-05
2.79898e+11,0.999935,3.26346e-05,3.26346e-05
2.84446e+11,0.999937,3.15052e-05,3.15052e-05
2.89068e+11,0.999939,3.04162e-05,3.04162e-05
2.93765e+11,0.999941,2.93662e-05,2.93662e-05
2.98538e+11,0.999943,2.83538e-05,2.83538e-05
3.03389e+11,0.999945,2.73774e-05,2.73774e-05
3.08319e+11,0.999947,2.64359e-05,2.64359e-05
3.13329e+11,0.999949,2.55278e-05,2.55278e-05
3.1842e+11,0.999951,2.46519e-05,2.46519e-05
3.23594e+11,0.999952,2.38071e-05,2.38071e-05
3.28852e+11,0.999954,2.29922e-05,2.29922e-05
3.34195e+11,0.999956,2.22061e-05,2.22061e-05
3.39625e+11,0.999957,2.14477e-05,2.14477e-05
3.45144e+11,0.999959,2.07161e-05,2.07161e-05
3.50752e+11,0.99996,2.00101e-05,2.00101e-05
3.56451e+11,0.999961,1.9329e-05,1.9329e-05
3.62243e+11,0.999963,1.86718e-05,1.86718e-05
3.68129e+11,0.999964,1.80375e-05,1.80375e-05
3.74111e+11,0.999965,1.74255e-05,1.74255e-05
3.80189e+11,0.999966,1.68348e-05,1.68348e-05
3.86367e+11,0.999967,1.62647e-05,1.62647e-05
3.92645e+11,0.999969,1.57145e-05,1.57145e-05
3.99025e+11,0.99997,1.51834e-05,1.51834e-05
4.05509e+11,0.999971,1.46708e-05,1.46708e-05
4.12098e+11,0.999972,1.41759e-05,1.41759e-05
4.18794e+11,0.999973,1.36982e-05,1.36982e-05
4.25598e+11,0.999974,1.3237e-05,1.3237e-05
4.32514e+11,0.999974,1.27918e-05,1.27918e-05
4.39542e+11,0.999975,1.23619e-05,1.23619e-05
4.46684e+11,0.999976,1.19468e-05,1.19468e-05
4.53942e+11,0.999977,1.1546e-05,1.1546e-05
4.61318e+11,0.999978,1.1159e-05,1.1159e-05
4.68813e+11,0.999978,1.07853e-05,1.07853e-05
4.76431e+11,0.999979,1.04244e-05,1.04244e-05
4.84172e+11,0.99998,1.00759e-05,1.00759e-05
4.9204e+11,0.999981,9.73928e-06,9.73928e-06
5.00035e+11,0.999981,9.41418e-06,9.41418e-06
5.08159e+11,0.999982,9.10018e-06,9.10018e-06
5.16416e+11,0.999982,8.79689e-06,8.79689e-06
5.24807e+11,0.999983,8.50393e-06,8.50393e-06
5.33335e+11,0.999984,8.22094e-06,8.22094e-06
5.42001e+11,0.999984,7.94758e-06,7.94758e-06
5.50808e+11,0.999985,7.68349e-06,7.68349e-06
5.59758e+11,0.999985,7.42837e-06,7.42837e-06
