10,0.00759612,0.496202,0.496202
10.2565,0.358072,0.0341873,0.60774
10.5196,0.496203,0.208321,0.295476
10.7895,0.496777,0.249671,0.253552
11.0662,0.00759604,0.496202,0.496202
11.3501,0.00759612,0.496202,0.496202
11.6413,0.496203,0.208321,0.295476
11.9399,0.496203,0.208321,0.295476
12.2462,0.00759612,0.496202,0.496202
12.5603,0.496203,0.208321,0.295476
12.8825,0.00759612,0.496202,0.496202
13.213,0.496203,0.208321,0.295476
13.5519,0.00759612,0.496202,0.496202
13.8995,0.00759612,0.496202,0.496202
14.2561,0.00759612,0.496202,0.496202
14.6218,0.488554,0.214671,0.296776
14.9968,0.466369,0.101641,0.43199
15.3815,0.00759612,0.496202,0.496202
15.7761,0.496203,0.20832,0.295476
16.1808,0.49394,0.208032,0.298028
16.5959,0.00759612,0.496202,0.496202
17.0216,0.496204,0.20832,0.295476
17.4582,0.00759788,0.496211,0.496191
17.9061,0.00759612,0.496202,0.496202
18.3654,0.0122485,0.517319,0.470432
18.8365,0.00759612,0.496202,0.496202
19.3197,0.00742068,0.495277,0.497302
19.8153,0.00759606,0.496202,0.496202
20.3236,0.496204,0.20832,0.295476
20.8449,0.00759612,0.496202,0.496202
21.3796,0.496203,0.208303,0.295494
21.928,0.00759613,0.496202,0.496202
22.4905,0.00759612,0.496202,0.496202
23.0675,0.502137,0.224541,0.273322
23.6592,0.00759612,0.496202,0.496202
24.2661,0.0937576,0.151937,0.754305
24.8886,0.513178,0.200046,0.286776
25.527,0.00759612,0.496202,0.496202
26.1818,0.494722,0.205397,0.299881
26.8534,0.00759612,0.496202,0.496202
27.5423,0.00759612,0.496202,0.496202
28.2488,0.00759675,0.496205,0.496198
28.9734,0.239464,0.0133978,0.747138
29.7167,0.00759612,0.496202,0.496202
30.4789,0.00759809,0.496212,0.49619
31.2608,0.207518,0.500227,0.292255
32.0627,0.496205,0.20832,0.295475
32.8852,0.00759612,0.496202,0.496202
33.7287,0.496205,0.20832,0.295475
34.5939,0.00759612,0.496202,0.496202
35.4813,0.00759612,0.496202,0.496202
36.3915,0.496205,0.208319,0.295476
37.325,0.00759612,0.496202,0.496202
38.2825,0.496205,0.208319,0.295475
39.2645,0.467413,0.179102,0.353485
40.2717,0.496216,0.208311,0.295473
41.3048,0.496206,0.208319,0.295475
42.3643,0.00759612,0.496202,0.496202
43.451,0.496193,0.208325,0.295481
44.5656,0.00802486,0.498375,0.4936
45.7088,0.00759612,0.496202,0.496202
46.8813,0.00688256,0.486654,0.506464
48.0839,0.00759615,0.496202,0.496202
49.3174,0.496206,0.208319,0.295475
50.5825,0.352141,0.164036,0.483824
51.88,0.00759587,0.496201,0.496204
53.2108,0.495839,0.206454,0.297707
54.5758,0.496207,0.208319,0.295474
55.9758,0.00759612,0.496202,0.496202
57.4116,0.310317,0.00361723,0.686066
58.8844,0.496207,0.208319,0.295474
60.3949,0.497242,0.215236,0.287522
61.9441,0.00758992,0.496169,0.496241
63.5331,0.00759613,0.496202,0.496202
65.1628,0.00759612,0.496202,0.496202
66.8344,0.498456,0.245815,0.255729
68.5488,0.00759612,0.496202,0.496202
70.3072,0.00759613,0.496202,0.496202
72.1107,0.496209,0.208318,0.295474
73.9605,0.00763944,0.496428,0.495932
75.8578,0.496409,0.208269,0.295322
77.8037,0.496213,0.208316,0.295471
79.7995,0.00759613,0.496202,0.496202
81.8465,0.477312,0.202862,0.319825
83.946,0.00759612,0.496202,0.496202
86.0994,0.494706,0.209125,0.296168
88.308,0.139229,0.199526,0.661246
90.5733,0.00728007,0.494521,0.498199
92.8966,0.00758748,0.496157,0.496256
95.2796,0.00759612,0.496202,0.496202
97.7237,0.00759613,0.496202,0.496202
100.231,0.00763406,0.4964,0.495966
102.802,0.00627716,0.488936,0.504787
105.439,0.496211,0.208316,0.295472
108.143,0.00759612,0.496202,0.496202
110.917,0.00759678,0.496205,0.496198
113.763,0.00759612,0.496202,0.496202
116.681,0.00759612,0.496202,0.496202
119.674,0.00759612,0.496202,0.496202
122.744,0.00759609,0.496202,0.496202
125.893,0.0609838,0.307829,0.631187
129.122,0.00731227,0.488349,0.504339
132.434,0.446147,0.0663633,0.487489
135.831,0.00759611,0.496202,0.496202
139.316,0.00759612,0.496202,0.496202
142.889,0.496205,0.208263,0.295532
146.555,0.00759612,0.496202,0.496202
150.314,0.00759612,0.496202,0.496202
154.17,0.00759709,0.496207,0.496196
158.125,0.00759612,0.496202,0.496202
162.181,0.0252395,0.517478,0.457283
166.341,0.00759612,0.496202,0.496202
170.608,0.00759612,0.496202,0.496202
174.985,0.496218,0.208313,0.295469
179.473,0.496219,0.208313,0.295469
184.077,0.00759612,0.496202,0.496202
188.799,0.496219,0.208313,0.295468
193.642,0.465377,0.229962,0.304661
198.609,0.49622,0.208312,0.295468
203.704,0.0075961,0.496202,0.496202
208.93,0.00759612,0.496202,0.496202
214.289,0.00767664,0.496644,0.495679
219.786,0.00766199,0.496546,0.495792
225.424,0.496223,0.208311,0.295466
231.206,0.00759612,0.496202,0.496202
237.137,0.00759612,0.496202,0.496202
243.22,0.00759612,0.496202,0.496202
249.459,0.271849,0.0177551,0.710396
255.859,0.00759612,0.496202,0.496202
262.422,0.410383,0.0942612,0.495356
269.153,0.00759612,0.496202,0.496202
276.058,0.00759612,0.496202,0.496202
283.139,0.496223,0.208299,0.295478
290.402,0.00759612,0.496202,0.496202
297.852,0.496229,0.208308,0.295463
305.492,0.49973,0.206559,0.293711
313.329,0.00759612,0.496202,0.496202
321.366,0.00759612,0.496202,0.496202
329.61,0.00761447,0.496298,0.496088
338.065,0.150756,0.44374,0.405504
346.737,0.0071974,0.493895,0.498908
355.631,0.00727888,0.494738,0.497983
364.754,0.426086,0.243904,0.330009
374.111,0.00828877,0.499587,0.492124
383.707,0.00759606,0.496202,0.496202
393.55,0.00759612,0.496202,0.496202
403.645,0.00759612,0.496202,0.496202
414,0.00759612,0.496202,0.496202
424.62,0.453838,0.279153,0.26701
435.512,0.00759612,0.496202,0.496202
446.684,0.00759612,0.496202,0.496202
458.142,0.00764506,0.496458,0.495897
469.894,0.00759612,0.496202,0.496202
481.948,0.0075067,0.495731,0.496762
494.311,0.0683153,0.560364,0.371321
506.991,0.00759612,0.496202,0.496202
519.996,0.177869,0.519368,0.302763
533.335,0.00759612,0.496202,0.496202
547.016,0.00759612,0.496202,0.496202
561.048,0.0128747,0.518134,0.468992
575.44,0.496253,0.208296,0.295451
590.201,0.496257,0.208294,0.295449
605.341,0.432096,0.239942,0.327962
620.869,0.496257,0.208294,0.295449
636.796,0.497119,0.20784,0.295041
653.131,0.528968,0.193128,0.277905
669.885,0.00760043,0.496223,0.496177
687.068,0.496445,0.2082,0.295355
704.693,0.0075962,0.496202,0.496201
722.77,0.496324,0.20826,0.295416
741.31,0.00807302,0.498515,0.493412
760.326,0.00781183,0.497357,0.494832
779.83,0.577103,0.168061,0.254836
799.834,0.00260572,0.460527,0.536868
820.352,0.493789,0.19923,0.306981
841.395,0.0075958,0.4962,0.496204
862.979,0.00759612,0.496202,0.496202
885.116,0.496283,0.208283,0.295435
907.821,0.0070226,0.492998,0.499979
931.108,0.00759647,0.496204,0.4962
954.993,0.496291,0.208277,0.295433
979.49,0.00759612,0.496202,0.496202
1004.62,0.00765601,0.49648,0.495864
1030.39,0.496295,0.208275,0.295431
1056.82,0.00759612,0.496202,0.496202
1083.93,0.506155,0.20336,0.290486
1111.73,0.463228,0.127671,0.4091
1140.25,0.00759614,0.496202,0.496202
1169.5,0.520915,0.166861,0.312224
1199.5,0.00759612,0.496202,0.496202
1230.27,0.496287,0.208279,0.295434
1261.83,0.00759612,0.496202,0.496202
1294.2,0.00759612,0.496202,0.496202
1327.39,0.381302,0.556004,0.0626949
1361.44,0.00759612,0.496202,0.496202
1396.37,0.487077,0.170254,0.342669
1432.19,0.00759612,0.496202,0.496202
1468.93,0.496491,0.208177,0.295333
1506.61,0.452481,0.0935114,0.454007
1545.25,0.00759612,0.496202,0.496202
1584.89,0.496346,0.208249,0.295405
1625.55,0.00759612,0.496202,0.496202
1667.25,0.00760823,0.496265,0.496127
1710.02,0.00759612,0.496202,0.496202
1753.88,0.472709,0.0991785,0.428113
1798.87,0.00759612,0.496202,0.496202
1845.02,0.496365,0.20824,0.295395
1892.34,0.00759603,0.496201,0.496203
1940.89,0.496383,0.208231,0.295387
1990.67,0.495945,0.200543,0.303511
2041.74,0.00759612,0.496202,0.496202
2094.11,0.00759612,0.496202,0.496202
2147.83,0.48854,0.212092,0.299368
2202.93,0.00759612,0.496202,0.496202
2259.44,0.496412,0.208216,0.295372
2317.39,0.496759,0.208408,0.294833
2376.84,0.00759612,0.496202,0.496202
2437.81,0.00759612,0.496202,0.496202
2500.35,0.496425,0.20821,0.295366
2564.48,0.576803,0.168889,0.254308
2630.27,0.496443,0.208194,0.295363
2697.74,0.00759612,0.496202,0.496202
2766.94,0.00760136,0.496229,0.496169
2837.92,0.00759788,0.49621,0.496192
2910.72,0.00815021,0.499045,0.492805
2985.38,0.00759632,0.496203,0.496201
3061.96,0.00802457,0.497682,0.494293
3140.51,0.608795,0.153164,0.238041
3221.07,0.496495,0.208172,0.295333
3303.7,0.00759686,0.496206,0.496197
3388.44,0.00759613,0.496202,0.496202
3475.36,0.00761037,0.496277,0.496113
3564.51,0.00759597,0.496201,0.496203
3655.95,0.00759612,0.496202,0.496202
3749.73,0.496551,0.208146,0.295302
3845.92,0.00759612,0.496202,0.496202
3944.57,0.0075959,0.496201,0.496203
4045.76,0.618404,0.148596,0.233001
4149.54,0.00759612,0.496202,0.496202
4255.98,0.00759612,0.496202,0.496202
4365.16,0.00759612,0.496202,0.496202
4477.13,0.00761488,0.4963,0.496085
4591.98,0.0075807,0.496121,0.496298
4709.77,0.303112,0.292311,0.404577
4830.59,0.49661,0.208117,0.295273
4954.5,0.00759609,0.496202,0.496202
5081.59,0.496675,0.208084,0.29524
5211.95,0.00759624,0.496203,0.496201
5345.64,0.496683,0.20808,0.295236
5482.77,0.00759642,0.496203,0.4962
5623.41,0.755443,0.0813993,0.163158
5767.66,0.00759616,0.496202,0.496202
5915.62,0.496735,0.208055,0.29521
6067.36,0.496785,0.208152,0.295062
6223,0.00754916,0.495956,0.496495
6382.63,0.00759612,0.496202,0.496202
6546.36,0.00759612,0.496202,0.496202
6714.29,0.00759627,0.496203,0.496201
6886.52,0.491801,0.210542,0.297657
7063.18,0.379591,0.281373,0.339035
7244.36,0.00759625,0.496203,0.496201
7430.19,0.00759611,0.496202,0.496202
7620.79,0.00759613,0.496202,0.496202
7816.28,0.496928,0.207958,0.295114
8016.78,0.00759612,0.496202,0.496202
8222.43,0.00759612,0.496202,0.496202
8433.35,0.00759612,0.496202,0.496202
8649.68,0.496979,0.207933,0.295088
8871.56,0.0195243,0.537585,0.442891
9099.13,0.490616,0.221614,0.28777
9332.54,0.561586,0.183361,0.255054
9571.94,0.632538,0.144814,0.222647
9817.48,0.00759625,0.496203,0.496201
10069.3,0.00759612,0.496202,0.496202
10327.6,0.497142,0.207851,0.295007
10592.5,0.497236,0.20813,0.294634
10864.3,0.00759613,0.496202,0.496202
11142.9,0.49724,0.207802,0.294958
11428.8,0.00759602,0.496201,0.496203
11722,0.00759612,0.496202,0.496202
12022.6,0.00759612,0.496202,0.496202
12331,0.00759612,0.496202,0.496202
12647.4,0.497322,0.207761,0.294917
12971.8,0.00759529,0.496198,0.496207
13304.5,0.00758502,0.496144,0.496271
13645.8,0.00870441,0.500929,0.490366
13995.9,0.652538,0.139196,0.208266
14354.9,0.280898,0.326836,0.392266
14723.1,0.00766202,0.496588,0.49575
15100.8,0.00733949,0.494841,0.497819
15488.2,0.00759216,0.496181,0.496227
15885.5,0.00759611,0.496202,0.496202
16293,0.00759613,0.496202,0.496202
16710.9,0.00759612,0.496202,0.496202
17139.6,0.499113,0.217655,0.283232
17579.2,0.00759613,0.496202,0.496202
18030.2,0.49788,0.207482,0.294638
18492.7,0.00759613,0.496202,0.496202
18967.1,0.497969,0.207438,0.294593
19453.6,0.00759613,0.496202,0.496202
19952.6,0.00759613,0.496202,0.496202
20464.4,0.0670113,0.63193,0.301059
20989.4,0.00759613,0.496202,0.496202
21527.8,0.356991,0.354156,0.288853
22080,0.498205,0.20732,0.294475
22646.4,0.49823,0.207307,0.294462
23227.4,0.498243,0.207301,0.294456
23823.2,0.00759612,0.496202,0.496202
24434.3,0.498353,0.207246,0.294401
25061.1,0.00759208,0.496181,0.496227
25704,0.49896,0.226462,0.274578
26363.3,0.542765,0.185278,0.271957
27039.6,0.344028,0.283761,0.372211
27733.2,0.537545,0.189691,0.272764
28444.6,0.0174998,0.502792,0.479709
29174.3,0.00781906,0.499519,0.492662
29922.6,0.582191,0.168953,0.248856
30690.2,0.533257,0.21162,0.255124
31477.5,0.00759613,0.496202,0.496202
32284.9,0.0075962,0.496202,0.496201
33113.1,0.498453,0.207196,0.294351
33962.5,0.498988,0.206776,0.294237
34833.7,0.499259,0.206793,0.293947
35727.3,0.00759613,0.496202,0.496202
36643.8,0.499474,0.206686,0.29384
37583.7,0.00759613,0.496202,0.496202
38547.8,0.00759613,0.496202,0.496202
39536.7,0.00759613,0.496202,0.496202
40550.9,0.00759613,0.496202,0.496202
41591.1,0.00759613,0.496202,0.496202
42658,0.00759613,0.496202,0.496202
43752.2,0.500246,0.206301,0.293454
44874.5,0.00759613,0.496202,0.496202
46025.7,0.500471,0.206193,0.293335
47206.3,0.00759613,0.496202,0.496202
48417.2,0.500621,0.205654,0.293724
49659.2,0.00654134,0.431614,0.561845
50933.1,0.00759613,0.496202,0.496202
52239.6,0.00759613,0.496202,0.496202
53579.7,0.501193,0.20583,0.292976
54954.1,0.501322,0.205764,0.292915
56363.8,0.00759613,0.496202,0.496202
57809.6,0.00759613,0.496202,0.496202
59292.5,0.00759613,0.496202,0.496202
60813.5,0.501879,0.205599,0.292522
62373.5,0.00759613,0.496202,0.496202
63973.5,0.00759672,0.496194,0.496209
65614.5,0.502303,0.205274,0.292423
67297.7,0.502456,0.205198,0.292346
69024,0.00759613,0.496202,0.496202
70794.6,0.502771,0.20504,0.292189
72610.6,0.00759668,0.496205,0.496199
74473.2,0.5031,0.204877,0.292024
76383.6,0.00757617,0.496099,0.496325
78343,0.503442,0.204706,0.291852
80352.6,0.00746258,0.49551,0.497027
82413.8,0.503809,0.204576,0.291616
84527.9,0.00759613,0.496202,0.496202
86696.2,0.00759613,0.496202,0.496202
88920.1,0.00759613,0.496202,0.496202
91201.1,0.00759613,0.496202,0.496202
93540.6,0.00759613,0.496202,0.496202
95940.1,0.00759613,0.496202,0.496202
98401.1,0.00759613,0.496202,0.496202
100925,0.505376,0.203742,0.290882
103514,0.00759613,0.496202,0.496202
106170,0.00759613,0.496202,0.496202
108893,0.00759613,0.496202,0.496202
111686,0.506256,0.203303,0.290441
114551,0.506486,0.203189,0.290325
117490,0.506584,0.202553,0.290863
120504,0.506955,0.202955,0.29009
123595,0.0160594,0.528645,0.455296
126765,0.507439,0.202715,0.289847
130017,0.00759613,0.496202,0.496202
133352,0.00759614,0.496202,0.496202
136773,0.508183,0.202344,0.289473
140281,0.00759614,0.496202,0.496202
143880,0.00759614,0.496202,0.496202
147571,0.00759457,0.496194,0.496212
151356,0.509194,0.201841,0.288965
155239,0.00779517,0.49721,0.494995
159221,0.00759614,0.496202,0.496202
163305,0.00759614,0.496202,0.496202
167494,0.00759614,0.496202,0.496202
171791,0.00759614,0.496202,0.496202
176198,0.00759614,0.496202,0.496202
180717,0.105056,0.645456,0.249488
185353,0.511834,0.20053,0.287636
190108,0.512382,0.200258,0.28736
194984,0.51301,0.199946,0.287044
199986,0.51372,0.199594,0.286686
205116,0.514504,0.199204,0.286291
210378,0.00521326,0.482767,0.512019
215774,0.00759683,0.496206,0.496197
221309,0.517072,0.197894,0.285035
226986,0.517877,0.197529,0.284595
232809,0.518552,0.197193,0.284255
238781,0.519034,0.196952,0.284013
244906,0.00759603,0.496201,0.496203
251189,0.519124,0.196907,0.283969
257632,0.518582,0.197176,0.284243
264241,0.00759968,0.496035,0.496365
271019,0.515992,0.198462,0.285545
277971,0.514407,0.202416,0.283177
285102,0.511086,0.200904,0.28801
292415,0.00685986,0.492258,0.500883
299916,0.00759009,0.494346,0.498064
307610,0.499158,0.206854,0.293987
315500,0.494066,0.2094,0.296534
323594,0.488517,0.212196,0.299287
331894,0.482585,0.215152,0.302262
340408,0.476378,0.218271,0.305351
349140,0.00640667,0.488994,0.504599
358096,0.46407,0.227763,0.308168
367282,0.00755431,0.495968,0.496478
376704,0.00760811,0.496271,0.496121
386367,0.445148,0.234118,0.320734
396278,0.0103668,0.503966,0.485667
406443,0.434766,0.239501,0.325733
416869,0.0012131,0.437164,0.561623
427563,0.426873,0.243734,0.329393
438531,0.00743714,0.49516,0.497403
449780,0.00729865,0.494304,0.498398
461318,0.420785,0.245566,0.333649
473151,0.00763916,0.496163,0.496198
485289,0.390436,0.188481,0.421083
497737,0.393439,0.201424,0.405136
510505,0.426218,0.245555,0.328227
523600,0.00663565,0.490633,0.502731
537032,0.434498,0.242185,0.323318
550808,0.439974,0.239812,0.320214
564937,0.446356,0.237354,0.31629
579429,0.456055,0.327873,0.216072
594292,0.0117421,0.513342,0.474916
609537,0.470108,0.227877,0.302016
625173,0.423084,0.326996,0.249919
641210,0.488748,0.218023,0.293229
657658,0.498998,0.213365,0.287637
674528,0.00558528,0.491492,0.502922
691831,0.520793,0.203509,0.275698
709578,0.532223,0.198443,0.269334
727780,0.543885,0.193016,0.263099
746449,0.217995,0.540421,0.241583
765597,0.567832,0.182115,0.250053
785236,0.580764,0.226616,0.19262
805378,0.592879,0.175016,0.232105
826038,0.604489,0.165597,0.229914
847227,0.0196465,0.527047,0.453306
868960,0.546831,0.100436,0.352733
891251,0.642979,0.149992,0.20703
914113,0.292217,0.524379,0.183404
937562,0.0923419,0.345457,0.562201
961612,0.676489,0.134916,0.188595
986279,0.687587,0.127081,0.185332
1.01158e+06,0.682795,0.0751475,0.242057
1.03753e+06,0.709473,0.111924,0.178603
1.06414e+06,0.720719,0.113249,0.166032
1.09144e+06,0.00491977,0.421182,0.573898
1.11944e+06,0.741433,0.104009,0.154558
1.14815e+06,0.72136,0.178719,0.0999217
1.17761e+06,0.0939692,0.581867,0.324163
1.20781e+06,0.32625,0.490548,0.183202
1.2388e+06,0.779913,0.0851094,0.134978
1.27057e+06,0.786616,0.0813187,0.132066
1.30317e+06,0.300008,0.360714,0.339278
1.3366e+06,0.765426,0.0421902,0.192384
1.37088e+06,0.813151,0.0718318,0.115017
1.40605e+06,0.820111,0.0693013,0.110587
1.44212e+06,0.828649,0.0674132,0.103937
1.47911e+06,0.835457,0.0620393,0.102504
1.51705e+06,0.785959,0.0378169,0.176224
1.55597e+06,0.469159,0.444884,0.0859569
1.59588e+06,0.855457,0.0512576,0.093285
1.63682e+06,0.841362,0.0179851,0.140653
1.6788e+06,0.337033,0.491579,0.171387
1.72187e+06,0.844106,0.0532293,0.102664
1.76604e+06,0.879186,0.04001,0.080804
1.81134e+06,0.888805,0.0537661,0.0574292
1.8578e+06,0.745812,0.0310523,0.223136
1.90546e+06,0.570847,0.071962,0.357191
1.95434e+06,0.897145,0.0322876,0.0705675
2.00447e+06,0.880339,0.0426015,0.0770597
2.05589e+06,0.913153,0.0507247,0.0361223
2.10863e+06,0.59145,0.21397,0.194579
2.16272e+06,0.913338,0.0294843,0.0571773
2.2182e+06,0.921418,0.0359682,0.0426136
2.2751e+06,0.882878,0.00525678,0.111865
2.33346e+06,0.477903,0.179842,0.342255
2.39332e+06,0.479284,0.312627,0.208089
2.45471e+06,0.897489,0.0652522,0.037259
2.51768e+06,0.936328,0.0344071,0.0292645
2.58226e+06,0.937192,0.0211678,0.0416398
2.6485e+06,0.942493,0.0168304,0.0406768
2.71644e+06,0.739816,0.207457,0.0527267
2.78612e+06,0.943811,0.0155381,0.0406507
2.85759e+06,0.813349,0.0261042,0.160547
2.93089e+06,0.947969,0.016664,0.0353668
3.00608e+06,0.861765,0.0109127,0.127322
3.08319e+06,0.955644,0.0179856,0.0263703
3.16228e+06,0.95413,0.013279,0.0325907
3.2434e+06,0.958555,0.0160725,0.0253723
3.3266e+06,0.888861,0.102237,0.00890186
3.41193e+06,0.864288,0.0118214,0.123891
3.49945e+06,0.882712,0.0191076,0.0981799
3.58922e+06,0.687673,0.145034,0.167292
3.68129e+06,0.791073,0.150699,0.0582278
3.77572e+06,0.600992,0.198396,0.200612
3.87258e+06,0.810627,0.0427572,0.146616
3.97192e+06,0.956655,0.00215431,0.0411911
4.0738e+06,0.973278,0.0131671,0.0135548
4.1783e+06,0.492583,0.32199,0.185428
4.28549e+06,0.920753,0.0217777,0.0574697
4.39542e+06,0.974083,0.00917247,0.0167444
4.50817e+06,0.951642,0.0190433,0.0293149
4.62381e+06,0.974484,0.00695297,0.0185628
4.74242e+06,0.977856,0.0161538,0.00598994
4.86407e+06,0.975225,0.00432705,0.0204482
4.98884e+06,0.925977,0.0538426,0.0201804
5.11682e+06,0.971458,0.00508777,0.0234543
5.24807e+06,0.98533,0.0044371,0.0102328
5.3827e+06,0.941857,0.0110222,0.0471205
5.52077e+06,0.981967,0.00520379,0.0128294
5.66239e+06,0.81677,0.0800148,0.103215
5.80764e+06,0.941354,0.00639599,0.0522499
5.95662e+06,0.91094,0.0259673,0.063093
6.10942e+06,0.982896,0.00990104,0.00720326
6.26614e+06,0.977847,0.00727492,0.0148781
6.42688e+06,0.984709,0.000279176,0.015012
6.59174e+06,0.794961,0.128449,0.0765902
6.76083e+06,0.541901,0.204761,0.253338
6.93426e+06,0.70042,0.11698,0.182599
7.11214e+06,0.890645,0.0431839,0.0661709
7.29458e+06,0.975314,0.00392441,0.0207614
7.4817e+06,0.960918,0.010099,0.0289826
7.67361e+06,0.987572,0.000124422,0.0123039
7.87046e+06,0.990835,0.000852781,0.00831201
8.07235e+06,0.983487,0.0041123,0.0124004
8.27942e+06,0.985073,0.00328532,0.0116419
8.4918e+06,0.992307,0.0073458,0.000346989
8.70964e+06,0.939478,0.0148139,0.0457076
8.93305e+06,0.908077,0.0290073,0.0629153
9.1622e+06,0.979505,0.00496039,0.0155351
9.39723e+06,0.989861,0.000395099,0.00974419
9.63829e+06,0.968002,0.0113116,0.0206862
9.88553e+06,0.974962,0.0066767,0.0183616
1.01391e+07,0.970162,0.0141057,0.0157327
1.03992e+07,0.989216,0.000949779,0.00983397
1.0666e+07,0.529955,0.206444,0.263602
1.09396e+07,0.97302,0.00990053,0.0170794
1.12202e+07,0.973096,0.0174717,0.00943182
1.1508e+07,0.989778,0.000858667,0.00936341
1.18032e+07,0.989422,0.00470811,0.00587039
1.2106e+07,0.987014,0.00238178,0.0106044
1.24165e+07,0.966081,0.0167018,0.017217
1.2735e+07,0.96642,0.0258812,0.00769868
1.30617e+07,0.950796,0.0161886,0.0330159
1.33968e+07,0.996302,0.000534565,0.00316297
1.37404e+07,0.966572,0.0111124,0.0223154
1.40929e+07,0.98519,0.00399962,0.0108103
1.44544e+07,0.985217,0.0118814,0.0029013
1.48252e+07,0.919628,0.0411102,0.039262
1.52055e+07,0.977428,0.0123145,0.0102574
1.55955e+07,0.918917,0.0470587,0.0340245
1.59956e+07,0.98906,0.00603616,0.00490334
1.64059e+07,0.89158,0.0544264,0.0539939
1.68267e+07,0.95422,0.0198287,0.0259514
1.72584e+07,0.938034,0.02774,0.0342259
1.77011e+07,0.948515,0.0249326,0.0265524
1.81552e+07,0.89053,0.0440016,0.0654687
1.86209e+07,0.829823,0.0739785,0.0961983
1.90985e+07,0.991807,0.00646532,0.00172779
1.95884e+07,0.689711,0.167022,0.143267
2.00909e+07,0.898535,0.0544432,0.0470219
2.06063e+07,0.965898,0.0118446,0.0222574
2.11349e+07,0.90573,0.0554803,0.0387898
2.1677e+07,0.95521,0.0289123,0.015878
2.22331e+07,0.996598,0.00138973,0.00201209
2.28034e+07,0.919213,0.0350318,0.0457547
2.33884e+07,0.966293,0.0155121,0.0181952
2.39883e+07,0.985231,0.00597492,0.00879456
2.46037e+07,0.933792,0.0283555,0.0378527
2.52348e+07,0.986839,0.00478869,0.00837189
2.58821e+07,0.889576,0.047094,0.0633297
2.65461e+07,0.971044,0.0109162,0.0180397
2.7227e+07,0.901146,0.0481749,0.0506794
2.79254e+07,0.916756,0.0352608,0.0479832
2.86418e+07,0.993942,0.00142082,0.00463737
2.93765e+07,0.995315,0.00105466,0.0036308
3.01301e+07,0.98784,0.00387293,0.00828672
3.0903e+07,0.943553,0.0319327,0.024514
3.16957e+07,0.981456,0.00872762,0.00981649
3.25087e+07,0.980606,0.0111371,0.00825691
3.33426e+07,0.997239,0.00118158,0.00157908
3.41979e+07,0.992835,0.00230574,0.0048592
3.50752e+07,0.958004,0.0194154,0.022581
3.59749e+07,0.985506,0.0067652,0.00772842
3.68978e+07,0.986627,0.00490764,0.00846571
3.78443e+07,0.958688,0.0197586,0.0215538
3.8815e+07,0.991893,0.00337469,0.00473239
3.98107e+07,0.996089,0.00159119,0.00232012
4.08319e+07,0.995208,0.00134808,0.00344348
4.18794e+07,0.841564,0.0962121,0.0622244
4.29536e+07,0.951586,0.0215994,0.0268148
4.40555e+07,0.935094,0.0304211,0.0344846
4.51856e+07,0.973941,0.0108936,0.0151653
4.63447e+07,0.99666,0.00193775,0.00140223
4.75335e+07,0.995597,0.00137139,0.00303172
4.87528e+07,0.993729,0.00289005,0.00338115
5.00035e+07,0.997384,0.00183056,0.000785724
5.12861e+07,0.973957,0.0137613,0.0122821
5.26017e+07,0.997967,0.00141135,0.000621607
5.39511e+07,0.989357,0.00520262,0.00544024
5.5335e+07,0.99681,0.00133291,0.00185743
5.67545e+07,0.985624,0.00588301,0.00849295
5.82103e+07,0.971067,0.012627,0.0163056
5.97035e+07,0.900941,0.0465525,0.0525064
6.1235e+07,0.965294,0.0167349,0.0179711
6.28058e+07,0.83015,0.0830102,0.0868403
6.44169e+07,0.857784,0.0702211,0.0719947
6.60693e+07,0.969745,0.0148471,0.0154078
6.77642e+07,0.97995,0.0095263,0.0105241
6.95024e+07,0.984033,0.00688134,0.00908556
7.12853e+07,0.988017,0.0060352,0.00594813
7.31139e+07,0.999444,0.000307641,0.000248663
7.49894e+07,0.898009,0.044965,0.057026
7.6913e+07,0.978003,0.0107857,0.0112108
7.8886e+07,0.979568,0.0118331,0.00859848
8.09096e+07,0.967826,0.0153509,0.016823
8.29851e+07,0.961114,0.0195562,0.01933
8.51138e+07,0.996135,0.00232545,0.00153913
8.72971e+07,0.995376,0.00225207,0.00237241
8.95365e+07,0.979591,0.00961461,0.010794
9.18333e+07,0.987131,0.00568072,0.00718843
9.4189e+07,0.995674,0.00239686,0.00192905
9.66051e+07,0.980535,0.00908872,0.0103768
9.90832e+07,0.991394,0.00440179,0.00420468
1.01625e+08,0.996067,0.00159791,0.00233527
1.04232e+08,0.983782,0.00724547,0.00897295
1.06905e+08,0.941108,0.0298797,0.0290126
1.09648e+08,0.889145,0.0542212,0.0566333
1.1246e+08,0.865282,0.0685128,0.066205
1.15345e+08,0.847571,0.074428,0.0780009
1.18304e+08,0.989748,0.00502509,0.00522679
1.21339e+08,0.959102,0.0201601,0.0207381
1.24451e+08,0.999728,5.83565e-05,0.000214009
1.27644e+08,0.984806,0.00720463,0.00798929
1.30918e+08,0.992387,0.00371443,0.0038982
1.34276e+08,0.997451,0.00117134,0.00137769
1.37721e+08,0.997779,0.000971755,0.00124935
1.41254e+08,0.998272,0.000740162,0.00098794
1.44877e+08,0.997729,0.00114862,0.00112211
1.48594e+08,0.986098,0.00699905,0.00690276
1.52405e+08,0.972104,0.0135124,0.0143837
1.56315e+08,0.997491,0.00111349,0.00139525
1.60325e+08,0.958799,0.0204727,0.0207287
1.64437e+08,0.98928,0.00531925,0.0054008
1.68655e+08,0.932971,0.0324796,0.0345493
1.72982e+08,0.962977,0.0192227,0.0178006
1.77419e+08,0.999371,0.000293745,0.000335666
1.8197e+08,0.91698,0.0423187,0.040701
1.86638e+08,0.839278,0.0797128,0.0810097
1.91426e+08,0.948592,0.0244105,0.026998
1.96336e+08,0.964741,0.0173777,0.0178812
2.01372e+08,0.96266,0.0189681,0.0183715
2.06538e+08,0.972423,0.0140523,0.0135246
2.11836e+08,0.960176,0.0199429,0.0198816
2.1727e+08,0.947354,0.0258308,0.0268154
2.22844e+08,0.990463,0.00455526,0.00498222
2.2856e+08,0.990463,0.00489873,0.00463803
2.34423e+08,0.971541,0.0140488,0.0144099
2.40436e+08,0.997337,0.00120804,0.00145527
2.46604e+08,0.98558,0.00708752,0.00733275
2.5293e+08,0.992887,0.00337322,0.0037401
2.59418e+08,0.98473,0.00751771,0.00775204
2.66073e+08,0.996302,0.00172177,0.00197613
2.72898e+08,0.986088,0.00674361,0.00716813
2.79898e+08,0.990986,0.00444832,0.00456578
2.87078e+08,0.996831,0.0014855,0.00168319
2.94442e+08,0.990823,0.00440372,0.00477281
3.01995e+08,0.987593,0.00606546,0.00634169
3.09742e+08,0.989199,0.00535989,0.00544064
3.17687e+08,0.991993,0.00403041,0.00397656
3.25837e+08,0.993493,0.00332463,0.00318208
3.34195e+08,0.99367,0.00328564,0.00304456
3.42768e+08,0.99333,0.00347477,0.00319562
3.5156e+08,0.992904,0.0035692,0.0035273
3.60579e+08,0.992554,0.00344636,0.00399974
3.69828e+08,0.992343,0.00311862,0.00453858
3.79315e+08,0.992146,0.00272567,0.00512872
3.89045e+08,0.992073,0.00243748,0.00548972
3.99025e+08,0.99224,0.00211158,0.0056483
4.09261e+08,0.992574,0.00179817,0.00562739
4.19759e+08,0.991765,0.00193798,0.00629741
4.30527e+08,0.988237,0.00300461,0.00875827
4.4157e+08,0.979631,0.00282515,0.0175438
4.52898e+08,0.979563,0.00109487,0.0193421
4.64515e+08,0.979148,0.00290081,0.0179507
4.76431e+08,0.988071,0.00164296,0.0102855
4.88652e+08,0.997493,0.000157296,0.0023498
5.01187e+08,0.990173,0.00404031,0.00578714
5.14044e+08,0.97276,0.0109403,0.0162995
5.2723e+08,0.958074,0.0164561,0.0254702
5.40754e+08,0.964237,0.0181991,0.0175635
5.54626e+08,0.749058,0.13167,0.119272
5.68853e+08,0.203966,0.382861,0.413173
5.83445e+08,0.243152,0.38375,0.373099
5.98412e+08,0.411072,0.293872,0.295056
6.13762e+08,0.331984,0.333312,0.334705
6.29506e+08,0.572443,0.214242,0.213314
6.45654e+08,0.538303,0.23071,0.230987
6.62217e+08,0.598885,0.200499,0.200616
6.79204e+08,0.552975,0.223684,0.22334
6.96627e+08,0.481579,0.258936,0.259486
7.14496e+08,0.500181,0.250224,0.249594
7.32825e+08,0.455836,0.271722,0.272442
7.51623e+08,0.47146,0.2646,0.26394
7.70903e+08,0.454269,0.272542,0.273189
7.90679e+08,0.407921,0.296266,0.295812
8.10961e+08,0.514361,0.242685,0.242954
8.31764e+08,0.398685,0.300582,0.300733
8.531e+08,0.585062,0.207702,0.207236
8.74984e+08,0.455576,0.271844,0.27258
8.97429e+08,0.499497,0.250514,0.249989
9.2045e+08,0.564118,0.217884,0.217998
9.44061e+08,0.398194,0.300667,0.301139
9.68278e+08,0.522307,0.239153,0.23854
9.93116e+08,0.527868,0.235894,0.236238
1.01859e+09,0.411906,0.293879,0.294215
1.04472e+09,0.553582,0.223493,0.222925
1.07152e+09,0.578736,0.210529,0.210736
1.09901e+09,0.451462,0.274025,0.274512
1.1272e+09,0.532212,0.234095,0.233693
1.15611e+09,0.632952,0.183632,0.183416
1.18577e+09,0.52769,0.235892,0.236418
1.21619e+09,0.474096,0.262886,0.263018
1.24738e+09,0.595403,0.202531,0.202066
1.27938e+09,0.6413,0.17937,0.179331
1.3122e+09,0.533417,0.233046,0.233537
1.34586e+09,0.493296,0.253283,0.253421
1.38038e+09,0.600411,0.199989,0.199599
1.41579e+09,0.676445,0.161876,0.161679
1.45211e+09,0.613575,0.193046,0.193379
1.48936e+09,0.530128,0.234751,0.235121
1.52757e+09,0.561071,0.219505,0.219424
1.56675e+09,0.667917,0.166222,0.165862
1.60694e+09,0.717873,0.141131,0.140996
1.64816e+09,0.66374,0.168,0.168261
1.69044e+09,0.583091,0.208273,0.208636
1.7338e+09,0.571705,0.214099,0.214195
1.77828e+09,0.641441,0.179393,0.179166
1.8239e+09,0.721853,0.139217,0.13893
1.87068e+09,0.740962,0.129548,0.12949
1.91867e+09,0.691607,0.154086,0.154307
1.96789e+09,0.626659,0.186513,0.186828
2.01837e+09,0.604209,0.197807,0.197984
2.07014e+09,0.642284,0.17889,0.178827
2.12324e+09,0.714114,0.143056,0.14283
2.17771e+09,0.774358,0.11293,0.112712
2.23357e+09,0.791171,0.104448,0.104381
2.29087e+09,0.762682,0.1186,0.118719
2.34963e+09,0.712117,0.143823,0.14406
2.40991e+09,0.670463,0.164651,0.164886
2.47172e+09,0.659667,0.170101,0.170232
2.53513e+09,0.684121,0.157946,0.157932
2.60016e+09,0.732086,0.134024,0.13389
2.66686e+09,0.783691,0.108246,0.108063
2.73527e+09,0.820365,0.0898942,0.0897409
2.80543e+09,0.831643,0.0842112,0.084146
2.8774e+09,0.817569,0.0911942,0.0912371
2.95121e+09,0.78682,0.106524,0.106656
3.02691e+09,0.752139,0.123841,0.12402
3.10456e+09,0.725422,0.137201,0.137377
3.1842e+09,0.714361,0.142754,0.142885
3.26588e+09,0.721292,0.139323,0.139385
3.34965e+09,0.743817,0.128097,0.128086
3.43558e+09,0.776401,0.111835,0.111764
3.52371e+09,0.812237,0.0939363,0.093827
3.6141e+09,0.844903,0.0776085,0.0774881
3.70681e+09,0.869543,0.0652819,0.0651753
3.80189e+09,0.883441,0.0583167,0.0582426
3.89942e+09,0.886068,0.0569812,0.0569504
3.99945e+09,0.878738,0.0606235,0.0606384
4.10204e+09,0.864036,0.0679538,0.06801
4.20727e+09,0.845194,0.0773592,0.0774471
4.31519e+09,0.8255,0.0871964,0.0873037
4.42588e+09,0.807843,0.0960218,0.0961356
4.53942e+09,0.794411,0.10274,0.102849
4.65586e+09,0.786564,0.106671,0.106765
4.77529e+09,0.784844,0.107542,0.107614
4.89779e+09,0.78908,0.105436,0.105484
5.02343e+09,0.798554,0.100712,0.100734
5.15229e+09,0.812181,0.0939109,0.0939084
5.28445e+09,0.828683,0.08567,0.0856467
5.42001e+09,0.846745,0.0766472,0.0766075
5.55904e+09,0.865135,0.0674583,0.0674071
5.70164e+09,0.882789,0.0586345,0.0585768
5.8479e+09,0.898866,0.0505969,0.0505373
5.99791e+09,0.912763,0.0436471,0.0435895
6.15177e+09,0.924112,0.0379702,0.037918
6.30957e+09,0.93275,0.0336475,0.0336029
6.47143e+09,0.938689,0.0306732,0.030638
6.63743e+09,0.942077,0.0289741,0.0289492
6.80769e+09,0.943158,0.0284283,0.028414
6.98232e+09,0.942241,0.0288817,0.0288777
7.16143e+09,0.939669,0.0301629,0.0301686
7.34514e+09,0.935796,0.0320945,0.0321091
7.53356e+09,0.930971,0.0345032,0.0345256
7.72681e+09,0.925519,0.0372259,0.0372547
7.92501e+09,0.919737,0.0401146,0.0401488
8.12831e+09,0.913881,0.0430402,0.0430784
8.33681e+09,0.908173,0.0458929,0.045934
8.55067e+09,0.90279,0.0485834,0.0486263
8.77001e+09,0.897873,0.0510419,0.0510855
8.99498e+09,0.893523,0.0532168,0.0532603
9.22571e+09,0.889812,0.0550729,0.0551156
9.46237e+09,0.88678,0.0565894,0.0566307
9.7051e+09,0.884444,0.057758,0.0577975
9.95405e+09,0.882802,0.0585805,0.0586177
1.02094e+10,0.881832,0.0590669,0.0591016
1.04713e+10,0.881501,0.0592336,0.0592655
1.07399e+10,0.881768,0.0591016,0.0591307
1.10154e+10,0.882583,0.0586954,0.0587217
1.1298e+10,0.883894,0.0580415,0.0580649
1.15878e+10,0.885645,0.0571672,0.0571879
1.1885e+10,0.887781,0.0561003,0.0561183
1.21899e+10,0.890249,0.0548678,0.0548833
1.25026e+10,0.892995,0.0534959,0.0535089
1.28233e+10,0.895971,0.0520092,0.05202
1.31522e+10,0.89913,0.0504308,0.0504395
1.34896e+10,0.90243,0.0487817,0.0487885
1.38357e+10,0.905832,0.0470813,0.0470863
1.41906e+10,0.909303,0.0453468,0.0453502
1.45546e+10,0.912811,0.0435935,0.0435956
1.49279e+10,0.916329,0.0418351,0.0418359
1.53109e+10,0.919834,0.0400831,0.0400828
1.57036e+10,0.923306,0.0383478,0.0383465
1.61065e+10,0.926727,0.0366378,0.0366356
1.65196e+10,0.930083,0.0349601,0.0349572
1.69434e+10,0.933362,0.0333208,0.0333172
1.7378e+10,0.936555,0.0317247,0.0317206
1.78238e+10,0.939653,0.0301756,0.0301711
1.8281e+10,0.942652,0.0286764,0.0286715
1.87499e+10,0.945547,0.0272293,0.0272241
1.92309e+10,0.948334,0.0258357,0.0258303
1.97242e+10,0.951013,0.0244965,0.0244909
2.02302e+10,0.953582,0.023212,0.0232063
2.07491e+10,0.956041,0.0219823,0.0219765
2.12814e+10,0.958392,0.0208067,0.0208009
2.18273e+10,0.960637,0.0196846,0.0196788
2.23872e+10,0.962776,0.018615,0.0186092
2.29615e+10,0.964812,0.0175967,0.017591
2.35505e+10,0.966749,0.0166282,0.0166226
2.41546e+10,0.968589,0.0157081,0.0157026
2.47742e+10,0.970336,0.0148347,0.0148293
2.54097e+10,0.971992,0.0140065,0.0140012
2.60615e+10,0.973562,0.0132216,0.0132165
2.67301e+10,0.975048,0.0124783,0.0124733
2.74157e+10,0.976455,0.0117749,0.0117701
2.8119e+10,0.977785,0.0111096,0.0111049
2.88403e+10,0.979043,0.0104806,0.0104761
2.95801e+10,0.980232,0.00988634,0.00988196
3.03389e+10,0.981354,0.00932502,0.00932079
3.11172e+10,0.982414,0.00879504,0.00879097
3.19154e+10,0.983414,0.00829483,0.00829092
3.27341e+10,0.984358,0.00782285,0.00781909
3.35738e+10,0.985248,0.00737762,0.00737401
3.4435e+10,0.986088,0.00695773,0.00695427
3.53183e+10,0.98688,0.0065618,0.00655849
3.62243e+10,0.987626,0.00618854,0.00618537
3.71535e+10,0.98833,0.0058367,0.00583366
3.81066e+10,0.988993,0.00550508,0.00550218
3.90841e+10,0.989618,0.00519256,0.00518978
4.00867e+10,0.990207,0.00489805,0.0048954
4.1115e+10,0.990761,0.00462054,0.00461801
4.21697e+10,0.991284,0.00435905,0.00435663
4.32514e+10,0.991777,0.00411266,0.00411036
4.43609e+10,0.992241,0.00388051,0.00387831
4.54988e+10,0.992679,0.00366176,0.00365967
4.66659e+10,0.993091,0.00345565,0.00345366
4.7863e+10,0.993479,0.00326144,0.00325954
4.90908e+10,0.993845,0.00307842,0.00307662
5.03501e+10,0.99419,0.00290596,0.00290424
5.16416e+10,0.994515,0.00274343,0.00274179
5.29663e+10,0.994821,0.00259025,0.00258869
5.4325e+10,0.99511,0.00244587,0.00244438
5.57186e+10,0.995382,0.00230977,0.00230836
5.71479e+10,0.995638,0.00218147,0.00218013
5.86138e+10,0.99588,0.00206052,0.00205924
6.01174e+10,0.996108,0.00194647,0.00194526
6.16595e+10,0.996323,0.00183894,0.00183778
6.32412e+10,0.996526,0.00173752,0.00173643
6.48634e+10,0.996717,0.00164188,0.00164083
6.65273e+10,0.996898,0.00155166,0.00155067
6.82339e+10,0.997068,0.00146655,0.00146561
6.99842e+10,0.997228,0.00138626,0.00138536
7.17794e+10,0.99738,0.00131049,0.00130964
7.36207e+10,0.997523,0.001239,0.00123819
7.55092e+10,0.997658,0.00117153,0.00117076
7.74462e+10,0.997785,0.00110784,0.00110712
7.94328e+10,0.997905,0.00104773,0.00104704
8.14704e+10,0.998019,0.000990972,0.000990314
8.35603e+10,0.998126,0.000937383,0.000936759
8.57038e+10,0.998227,0.000886779,0.000886186
8.79023e+10,0.998323,0.000838989,0.000838425
9.01571e+10,0.998413,0.000793849,0.000793314
9.24698e+10,0.998498,0.000751209,0.000750701
9.48418e+10,0.998579,0.000710926,0.000710443
9.72747e+10,0.998655,0.000672865,0.000672406
9.977e+10,0.998727,0.000636898,0.000636463
1.02329e+11,0.998795,0.000602909,0.000602495
1.04954e+11,0.998859,0.000570783,0.00057039
1.07647e+11,0.99892,0.000540416,0.000540043
1.10408e+11,0.998977,0.000511708,0.000511354
1.1324e+11,0.999031,0.000484566,0.00048423
1.16145e+11,0.999083,0.000458901,0.000458582
1.19124e+11,0.999131,0.000434631,0.000434328
1.2218e+11,0.999177,0.000411677,0.000411389
1.25314e+11,0.99922,0.000389966,0.000389692
1.28529e+11,0.999261,0.000369428,0.000369169
1.31826e+11,0.9993,0.000349999,0.000349752
1.35207e+11,0.999337,0.000331615,0.000331381
1.38676e+11,0.999372,0.000314221,0.000313998
1.42233e+11,0.999405,0.00029776,0.000297549
1.45881e+11,0.999436,0.000282181,0.000281981
1.49624e+11,0.999465,0.000267436,0.000267245
1.53462e+11,0.999493,0.000253478,0.000253297
1.57398e+11,0.99952,0.000240265,0.000240093
1.61436e+11,0.999545,0.000227755,0.000227592
1.65577e+11,0.999568,0.00021591,0.000215755
1.69824e+11,0.999591,0.000204694,0.000204547
1.74181e+11,0.999612,0.000194073,0.000193933
1.78649e+11,0.999632,0.000184014,0.000183881
1.83231e+11,0.999651,0.000174486,0.00017436
1.87932e+11,0.999669,0.000165461,0.000165341
1.92752e+11,0.999686,0.000156912,0.000156798
1.97697e+11,0.999702,0.000148813,0.000148705
2.02768e+11,0.999718,0.000141139,0.000141037
2.0797e+11,0.999732,0.000133868,0.000133771
2.13304e+11,0.999746,0.000126979,0.000126886
2.18776e+11,0.999759,0.00012045,0.000120362
2.24388e+11,0.999772,0.000114262,0.000114179
2.30144e+11,0.999783,0.000108398,0.000108318
2.36048e+11,0.999794,0.000102839,0.000102764
2.42103e+11,0.999805,9.75699e-05,9.74984e-05
2.48313e+11,0.999815,9.25751e-05,9.25072e-05
2.54683e+11,0.999824,8.78398e-05,8.77753e-05
2.61216e+11,0.999833,8.33504e-05,8.32891e-05
2.67917e+11,0.999842,7.90938e-05,7.90356e-05
2.74789e+11,0.99985,7.50577e-05,7.50024e-05
2.81838e+11,0.999858,7.12304e-05,7.11779e-05
2.89068e+11,0.999865,6.7601e-05,6.75512e-05
2.96483e+11,0.999872,6.41591e-05,6.41117e-05
3.04089e+11,0.999878,6.08947e-05,6.08496e-05
3.11889e+11,0.999884,5.77985e-05,5.77557e-05
3.1989e+11,0.99989,5.48617e-05,5.48211e-05
3.28095e+11,0.999896,5.20761e-05,5.20375e-05
3.36512e+11,0.999901,4.94335e-05,4.93969e-05
3.45144e+11,0.999906,4.69267e-05,4.68919e-05
3.53997e+11,0.999911,4.45485e-05,4.45154e-05
3.63078e+11,0.999915,4.22921e-05,4.22607e-05
3.72392e+11,0.99992,4.01514e-05,4.01215e-05
3.81944e+11,0.999924,3.81201e-05,3.80917e-05
3.91742e+11,0.999928,3.61927e-05,3.61658e-05
4.01791e+11,0.999931,3.43638e-05,3.43382e-05
4.12098e+11,0.999935,3.26282e-05,3.26039e-05
4.22669e+11,0.999938,3.09812e-05,3.09581e-05
4.33511e+11,0.999941,2.94181e-05,2.93962e-05
4.44631e+11,0.999944,2.79347e-05,2.79138e-05
4.56037e+11,0.999947,2.65267e-05,2.65069e-05
4.67735e+11,0.99995,2.51903e-05,2.51715e-05
4.79733e+11,0.999952,2.39219e-05,2.3904e-05
4.9204e+11,0.999955,2.27179e-05,2.27009e-05
5.04661e+11,0.999957,2.1575e-05,2.15588e-05
5.17607e+11,0.999959,2.04901e-05,2.04747e-05
5.30884e+11,0.999961,1.94602e-05,1.94456e-05
5.44503e+11,0.999963,1.84824e-05,1.84686e-05
5.5847e+11,0.999965,1.75542e-05,1.7541e-05
5.72796e+11,0.999967,1.66729e-05,1.66604e-05
5.87489e+11,0.999968,1.58362e-05,1.58243e-05
6.0256e+11,0.99997,1.50418e-05,1.50305e-05
6.18016e+11,0.999971,1.42876e-05,1.42768e-05
6.3387e+11,0.999973,1.35714e-05,1.35612e-05
6.5013e+11,0.999974,1.28913e-05,1.28816e-05
6.66807e+11,0.999976,1.22456e-05,1.22364e-05
6.83912e+11,0.999977,1.16324e-05,1.16237e-05
7.01455e+11,0.999978,1.10501e-05,1.10418e-05
7.19449e+11,0.999979,1.04972e-05,1.04892e-05
7.37904e+11,0.99998,9.97204e-06,9.96452e-06
7.56833e+11,0.999981,9.47334e-06,9.46619e-06
7.76247e+11,0.999982,8.99972e-06,8.99292e-06
7.96159e+11,0.999983,8.54991e-06,8.54345e-06
8.16582e+11,0.999984,8.1227e-06,8.11657e-06
8.37529e+11,0.999985,7.71696e-06,7.71113e-06
8.59014e+11,0.999985,7.33159e-06,7.32605e-06
8.81049e+11,0.999986,6.96556e-06,6.96029e-06
9.03649e+11,0.999987,6.6179e-06,6.61289e-06
9.2683e+11,0.999987,6.28767e-06,6.28291e-06
9.50605e+11,0.999988,5.974e-06,5.96948e-06
9.7499e+11,0.999989,5.67605e-06,5.67175e-06
