0.001,0.021,0.4895,0.4895
0.00104713,0.021,0.4895,0.4895
0.00109648,0.021,0.4895,0.4895
0.00114815,0.021,0.4895,0.4895
0.00120226,0.021,0.4895,0.4895
0.00125893,0.300635,0.282836,0.416529
0.00131826,0.021,0.4895,0.4895
0.00138038,0.021,0.4895,0.4895
0.00144544,0.021,0.4895,0.4895
0.00151356,0.300651,0.282827,0.416522
0.00158489,0.300656,0.282824,0.41652
0.00165959,0.300661,0.282821,0.416518
0.0017378,0.021,0.4895,0.4895
0.0018197,0.021,0.4895,0.4895
0.00190546,0.021,0.4895,0.4895
0.00199526,0.300683,0.282809,0.416508
0.0020893,0.300689,0.282806,0.416505
0.00218776,0.300695,0.282802,0.416503
0.00229087,0.021,0.4895,0.4895
0.00239883,0.300709,0.282794,0.416497
0.00251189,0.300716,0.28279,0.416493
0.00263027,0.300724,0.282786,0.41649
0.00275423,0.021,0.4895,0.4895
0.00288403,0.021,0.4895,0.4895
0.00301995,0.021,0.4895,0.4895
0.00316228,0.300759,0.282767,0.416475
0.00331131,0.300768,0.282761,0.416471
0.00346737,0.021,0.4895,0.4895
0.00363078,0.300789,0.282749,0.416461
0.00380189,0.021,0.4895,0.4895
0.00398107,0.021,0.4895,0.4895
0.00416869,0.300824,0.28273,0.416446
0.00436516,0.300837,0.282723,0.416441
0.00457088,0.021,0.4895,0.4895
0.0047863,0.300864,0.282707,0.416428
0.00501187,0.300879,0.282699,0.416422
0.00524807,0.300894,0.28269,0.416415
0.00549541,0.30091,0.282681,0.416408
0.0057544,0.300927,0.282672,0.416401
0.0060256,0.021,0.4895,0.4895
0.00630957,0.021,0.4895,0.4895
0.00660693,0.021,0.4895,0.4895
0.00691831,0.021,0.4895,0.4895
0.00724436,0.021,0.4895,0.4895
0.00758578,0.021,0.4895,0.4895
0.00794328,0.30107,0.282592,0.416338
0.00831764,0.301094,0.282578,0.416328
0.00870964,0.30112,0.282564,0.416317
0.00912011,0.021,0.4895,0.4895
0.00954993,0.301174,0.282533,0.416293
0.01,0.021,0.4895,0.4895
0.0104713,0.301234,0.282499,0.416266
0.0109648,0.301266,0.282481,0.416252
0.0114815,0.3013,0.282462,0.416238
0.0120226,0.301335,0.282443,0.416222
0.0125893,0.021,0.4895,0.4895
0.0131826,0.021,0.4895,0.4895
0.0138038,0.301451,0.282378,0.416171
0.0144544,0.301493,0.282354,0.416153
0.0151356,0.301538,0.282329,0.416133
0.0158489,0.301584,0.282303,0.416113
0.0165959,0.301633,0.282276,0.416092
0.017378,0.021,0.4895,0.4895
0.018197,0.021,0.4895,0.4895
0.0190546,0.021,0.4895,0.4895
0.0199526,0.301851,0.282153,0.415996
0.020893,0.021,0.4895,0.4895
0.0218776,0.021,0.4895,0.4895
0.0229087,0.302043,0.282045,0.415912
0.0239883,0.021,0.4895,0.4895
0.0251189,0.302186,0.281965,0.415849
0.0263027,0.302263,0.281922,0.415815
0.0275423,0.021,0.4895,0.4895
0.0288403,0.302427,0.28183,0.415743
0.0301995,0.021,0.4895,0.4895
0.0316228,0.021,0.4895,0.4895
0.0331131,0.021,0.4895,0.4895
0.0346737,0.021,0.4895,0.4895
0.0363078,0.30291,0.281559,0.415531
0.0380189,0.021,0.4895,0.4895
0.0398107,0.303136,0.281432,0.415432
0.0416869,0.303255,0.281365,0.41538
0.0436516,0.303384,0.281293,0.415323
0.0457088,0.30351,0.281222,0.415268
0.047863,0.021,0.4895,0.4895
0.0501187,0.303776,0.281073,0.415151
0.0524807,0.021,0.4895,0.4895
0.0549541,0.304077,0.280904,0.415019
0.057544,0.021,0.4895,0.4895
0.060256,0.021,0.4895,0.4895
0.0630957,0.021,0.4895,0.4895
0.0660693,0.021,0.4895,0.4895
0.0691831,0.021,0.4895,0.4895
0.0724436,0.021,0.4895,0.4895
0.0758578,0.30452,0.280656,0.414824
0.0794328,0.021,0.4895,0.4895
0.0831764,0.021,0.4895,0.4895
0.0870964,0.306449,0.279576,0.413975
0.0912011,0.303591,0.281177,0.415232
0.0954993,0.021,0.4895,0.4895
0.1,0.309191,0.278049,0.412761
0.104713,0.313565,0.275603,0.410832
0.109648,0.021,0.4895,0.4895
0.114815,0.021,0.4895,0.4895
0.120226,0.021,0.4895,0.4895
0.125893,0.021,0.4895,0.4895
0.131826,0.021,0.4895,0.4895
0.138038,0.021,0.4895,0.4895
0.144544,0.021,0.4895,0.4895
0.151356,0.021,0.4895,0.4895
0.158489,0.314828,0.275094,0.410078
0.165959,0.290797,0.288586,0.420618
0.17378,0.270784,0.310144,0.419072
0.18197,0.021,0.4895,0.4895
0.190546,0.264444,0.303772,0.431784
0.199526,0.286463,0.291734,0.421803
0.20893,0.021,0.4895,0.4895
0.218776,0.359552,0.251565,0.388882
0.229087,0.0210001,0.4895,0.4895
0.239883,0.42332,0.216711,0.359969
0.251189,0.0209979,0.489494,0.489508
0.263027,0.43474,0.211169,0.354091
0.275423,0.0210001,0.4895,0.4895
0.288403,0.386584,0.239045,0.374371
0.301995,0.0210001,0.4895,0.4895
0.316228,0.300205,0.288571,0.411225
0.331131,0.021,0.489499,0.489501
0.346737,0.210982,0.366796,0.422223
0.363078,0.16566,0.366582,0.467758
0.380189,0.0210001,0.4895,0.4895
0.398107,0.106201,0.402409,0.491391
0.416869,0.0898482,0.41324,0.496912
0.436516,0.0210003,0.489503,0.489497
0.457088,0.0210992,0.491941,0.48696
0.47863,0.0944402,0.416425,0.489135
0.501187,0.111618,0.408994,0.479389
0.524807,0.0210002,0.489501,0.489499
0.549541,0.0380149,0.66118,0.300805
0.57544,0.195873,0.369059,0.435068
0.60256,0.231299,0.351766,0.416934
0.630957,0.0201757,0.484203,0.495621
0.660693,0.021004,0.489513,0.489483
0.691831,0.337053,0.287065,0.375882
0.724436,0.385915,0.275562,0.338523
0.758578,0.42452,0.256511,0.318968
0.794328,0.458575,0.228255,0.31317
0.831764,0.0210957,0.490538,0.488366
0.870964,0.0210493,0.490013,0.488938
0.912011,0.505157,0.162746,0.332097
0.954993,0.598203,0.171362,0.230435
1,0.62791,0.157013,0.215077
1.04713,0.655794,0.143573,0.200633
1.09648,0.68262,0.131184,0.186196
1.14815,0.0742605,0.433796,0.491944
1.20226,0.0189527,0.492192,0.488855
1.25893,0.0233147,0.491625,0.485061
1.31826,0.0690463,0.452422,0.478531
1.38038,0.759089,0.0550279,0.185883
1.44544,0.803447,0.0748141,0.121739
1.51356,0.818611,0.0672157,0.114173
1.58489,0.832564,0.0609141,0.106522
1.65959,0.845298,0.0552071,0.0994944
1.7378,0.85683,0.0508205,0.092349
1.8197,0.235471,0.375679,0.38885
1.90546,0.101437,0.469328,0.429235
1.99526,0.0924592,0.473138,0.434403
2.0893,0.0842611,0.476569,0.43917
2.18776,0.0767749,0.479655,0.443571
2.29087,0.0699422,0.482425,0.447633
2.39883,0.0637086,0.484909,0.451382
2.51189,0.0580237,0.487133,0.454843
2.63027,0.0528411,0.48912,0.458039
2.75423,0.0481176,0.490893,0.460989
2.88403,0.0438136,0.492472,0.463714
3.01995,0.0398928,0.493876,0.466232
3.16228,0.0363216,0.49512,0.468558
3.31131,0.0330694,0.496222,0.470708
3.46737,0.030108,0.497195,0.472697
3.63078,0.0274117,0.498052,0.474536
3.80189,0.024957,0.498804,0.476239
3.98107,0.0227223,0.499463,0.477815
4.16869,0.0206881,0.500037,0.479275
4.36516,0.0188363,0.500535,0.480629
4.57088,0.0171507,0.500966,0.481883
4.7863,0.0156164,0.501336,0.483047
5.01187,0.0142198,0.501652,0.484128
5.24807,0.0129485,0.50192,0.485131
5.49541,0.0117913,0.502145,0.486064
5.7544,0.0107379,0.502331,0.486931
6.0256,0.00977902,0.502484,0.487737
6.30957,0.00890608,0.502606,0.488488
6.60693,0.00811138,0.502702,0.489187
6.91831,0.00738788,0.502774,0.489838
7.24436,0.00672918,0.502826,0.490445
7.58578,0.00612945,0.502859,0.491012
7.94328,0.00558339,0.502876,0.491541
8.31764,0.00508618,0.502879,0.492034
8.70964,0.00463342,0.502871,0.492496
9.12011,0.00422113,0.502851,0.492928
9.54993,0.00384567,0.502823,0.493331
10,0.00350373,0.502787,0.493709
10.4713,0.00319232,0.502744,0.494063
10.9648,0.00290868,0.502696,0.494395
11.4815,0.00265034,0.502644,0.494706
12.0226,0.00241502,0.502587,0.494998
12.5893,0.00220067,0.502528,0.495272
13.1826,0.00200541,0.502466,0.495529
13.8038,0.00182753,0.502402,0.495771
14.4544,0.00166508,0.502338,0.495997
15.1356,0.00154549,0.502279,0.496176
15.8489,0.00164873,0.50167,0.496681
16.5959,0.00757019,0.502861,0.489569
17.378,0.140528,0.467388,0.392084
18.197,0.572238,0.0505586,0.377203
19.0546,0.516107,0.181766,0.302127
19.9526,0.156936,0.398593,0.444471
20.893,0.150208,0.433757,0.416036
21.8776,0.0574057,0.469071,0.473523
22.9087,0.032203,0.481448,0.486349
23.9883,0.0363895,0.480756,0.482854
25.1189,0.03697,0.481412,0.481618
26.3027,0.0303795,0.484444,0.485177
27.5423,0.0137081,0.492438,0.493854
28.8403,0.0301352,0.485327,0.484538
30.1995,0.0283831,0.486177,0.48544
31.6228,0.0160094,0.491658,0.492333
33.1131,0.016087,0.49173,0.492183
34.6737,0.0234389,0.488137,0.488424
36.3078,0.0178726,0.491089,0.491038
38.0189,0.0232053,0.488607,0.488188
39.8107,0.0244078,0.487945,0.487647
41.6869,0.0243075,0.487962,0.487731
43.6516,0.0241148,0.488032,0.487853
45.7088,0.0238061,0.488133,0.488061
47.863,0.0217965,0.489028,0.489176
50.1187,0.0186294,0.490642,0.490728
52.4807,0.0233624,0.488354,0.488284
54.9541,0.0214959,0.489328,0.489176
57.544,0.0219404,0.489103,0.488957
60.256,0.0218525,0.489038,0.48911
63.0957,0.0226477,0.48873,0.488622
66.0693,0.0227638,0.488635,0.488601
69.1831,0.0197244,0.490142,0.490133
72.4436,0.0200068,0.49001,0.489983
75.8578,0.0218017,0.48908,0.489119
79.4328,0.0212805,0.489332,0.489387
83.1764,0.0217439,0.489162,0.489094
87.0964,0.0223551,0.488835,0.48881
91.2011,0.0215748,0.489241,0.489185
95.4993,0.0211043,0.489427,0.489468
100,0.0205984,0.489678,0.489724
104.713,0.0220647,0.488973,0.488963
109.648,0.0199821,0.489997,0.490021
114.815,0.0202828,0.489862,0.489855
120.226,0.0201109,0.489935,0.489954
125.893,0.0218572,0.489073,0.48907
131.826,0.0201021,0.489938,0.48996
138.038,0.0203738,0.489814,0.489812
144.544,0.0203042,0.489844,0.489851
151.356,0.0209102,0.489535,0.489555
158.489,0.0212738,0.489376,0.489351
165.959,0.0221622,0.488923,0.488914
173.78,0.0212955,0.489354,0.489351
181.97,0.020041,0.489964,0.489995
190.546,0.0217148,0.489152,0.489133
199.526,0.0230208,0.488508,0.488472
208.93,0.0219329,0.48905,0.489017
218.776,0.0196776,0.490165,0.490157
229.087,0.0227016,0.488636,0.488662
239.883,0.0172402,0.491364,0.491396
251.189,0.0195945,0.490226,0.49018
263.027,0.0200441,0.490008,0.489948
275.423,0.0157941,0.492097,0.492109
288.403,0.0204371,0.489733,0.489829
301.995,0.0271958,0.486464,0.486341
316.228,0.0193431,0.490261,0.490396
331.131,0.0135089,0.493254,0.493237
346.737,0.0280921,0.486036,0.485872
363.078,0.0362394,0.481966,0.481794
380.189,0.0368248,0.481687,0.481488
398.107,0.0232686,0.488445,0.488286
416.869,0.00399233,0.497942,0.498065
436.516,0.0402852,0.479791,0.479924
457.088,0.0354961,0.482369,0.482135
478.63,0.0259861,0.486877,0.487137
501.187,0.0288353,0.485684,0.485481
524.807,0.0744454,0.462793,0.462761
549.541,0.016056,0.491812,0.492132
575.44,0.00542517,0.497268,0.497307
602.56,0.0446693,0.477792,0.477539
630.957,0.0801136,0.460114,0.459773
660.693,0.098477,0.450937,0.450586
691.831,0.101054,0.449653,0.449294
724.436,0.0821233,0.459101,0.458776
758.578,0.0398142,0.480153,0.480033
794.328,0.0164251,0.49166,0.491915
831.764,0.0898598,0.454893,0.455248
870.964,0.191247,0.404459,0.404294
912.011,0.104458,0.447909,0.447633
954.993,0.0573369,0.471143,0.47152
1000,0.234033,0.383052,0.382915
1047.13,0.0836588,0.458209,0.458132
1096.48,0.197667,0.401043,0.40129
1148.15,0.16739,0.416446,0.416164
1202.26,0.193946,0.402869,0.403186
1258.93,0.187418,0.40642,0.406161
1318.26,0.266116,0.366838,0.367046
1380.38,0.142322,0.428856,0.428823
1445.44,0.368894,0.315619,0.315487
1513.56,0.157822,0.420928,0.421251
1584.89,0.296444,0.351918,0.351638
1659.59,0.389856,0.305037,0.305106
1737.8,0.184873,0.407432,0.407695
1819.7,0.328999,0.33562,0.335382
1905.46,0.472954,0.263556,0.26349
1995.26,0.297252,0.351227,0.351521
2089.3,0.253175,0.373397,0.373428
2187.76,0.458692,0.270775,0.270532
2290.87,0.537579,0.231225,0.231196
2398.83,0.392351,0.303704,0.303945
2511.89,0.295041,0.352403,0.352556
2630.27,0.400557,0.299777,0.299667
2754.23,0.572931,0.21363,0.213439
2884.03,0.62402,0.188008,0.187972
3019.95,0.531513,0.234167,0.23432
3162.28,0.414363,0.29272,0.292917
3311.31,0.387156,0.306377,0.306468
3467.37,0.469303,0.265376,0.265321
3630.78,0.599308,0.200415,0.200277
3801.89,0.699871,0.150125,0.150004
3981.07,0.728235,0.135901,0.135864
4168.69,0.688234,0.155853,0.155913
4365.16,0.613883,0.192997,0.19312
4570.88,0.54486,0.227502,0.227638
4786.3,0.509,0.245446,0.245554
5011.87,0.516138,0.241904,0.241959
5248.07,0.560594,0.219703,0.219702
5495.41,0.627816,0.186115,0.186069
5754.4,0.701251,0.14941,0.149339
6025.6,0.767169,0.116454,0.116377
6309.57,0.816856,0.0916052,0.0915383
6606.93,0.846751,0.0766477,0.076601
6918.31,0.857426,0.0712979,0.0712757
7244.36,0.852146,0.0739259,0.0739284
7585.78,0.835468,0.0822541,0.082278
7943.28,0.812148,0.0939058,0.0939462
8317.64,0.786419,0.106765,0.106816
8709.64,0.761629,0.119157,0.119214
9120.11,0.740133,0.129904,0.129963
9549.93,0.723366,0.138288,0.138346
10000,0.711985,0.143981,0.144034
10471.3,0.706055,0.146949,0.146996
10964.8,0.705225,0.147367,0.147407
11481.5,0.708888,0.145539,0.145572
12022.6,0.716303,0.141835,0.141862
12589.3,0.726692,0.136644,0.136664
13182.6,0.739305,0.13034,0.130354
13803.8,0.753464,0.123263,0.123273
14454.4,0.768578,0.115709,0.115714
15135.6,0.784153,0.107923,0.107924
15848.9,0.799792,0.100105,0.100103
16595.9,0.815184,0.09241,0.0924065
17378,0.830094,0.0849555,0.0849502
18197,0.844356,0.0778252,0.0778187
19054.6,0.857856,0.0710758,0.0710684
19952.6,0.870524,0.0647421,0.0647341
20893,0.882326,0.0588412,0.0588329
21877.6,0.893255,0.0533766,0.0533682
22908.7,0.903324,0.0483421,0.0483337
23988.3,0.912561,0.0437236,0.0437154
25118.9,0.921003,0.0395024,0.0394944
26302.7,0.928696,0.035656,0.0356484
27542.3,0.935686,0.0321604,0.0321532
28840.3,0.942026,0.0289905,0.0289837
30199.5,0.947764,0.0261213,0.0261149
31622.8,0.95295,0.0235281,0.0235221
33113.1,0.957631,0.0211875,0.0211819
34673.7,0.961851,0.0190769,0.0190717
36307.8,0.965654,0.0171754,0.0171705
38018.9,0.969078,0.0154633,0.0154588
39810.7,0.972159,0.0139226,0.0139185
41686.9,0.97493,0.0125367,0.0125329
43651.6,0.977423,0.0112904,0.0112869
45708.8,0.979664,0.0101697,0.0101665
47863,0.981679,0.00916219,0.00915926
50118.7,0.98349,0.00825636,0.00825367
52480.7,0.985119,0.00744192,0.00743946
54954.1,0.986583,0.00670961,0.00670736
57544,0.9879,0.00605103,0.00604897
60256,0.989085,0.00545865,0.00545678
63095.7,0.99015,0.00492572,0.00492401
66069.3,0.991109,0.00444615,0.00444458
69183.1,0.991972,0.00401448,0.00401305
72443.6,0.99275,0.00362582,0.00362451
75857.8,0.99345,0.00327577,0.00327459
79432.8,0.99408,0.00296042,0.00295934
83176.4,0.994649,0.00267623,0.00267524
87096.4,0.995161,0.00242003,0.00241913
91201.1,0.995623,0.002189,0.00218818
95499.3,0.99604,0.00198059,0.00197985
100000,0.996416,0.00179253,0.00179185
104713,0.996755,0.00162277,0.00162215
109648,0.997062,0.00146949,0.00146893
114815,0.997338,0.00133103,0.00133052
120226,0.997589,0.00120593,0.00120547
125893,0.997815,0.00109286,0.00109244
131826,0.998019,0.000990635,0.000990248
138038,0.998204,0.000898181,0.000897829
144544,0.998371,0.000814542,0.000814222
151356,0.998523,0.000738855,0.000738563
158489,0.99866,0.000670344,0.000670079
165959,0.998784,0.000608313,0.000608071
173780,0.998896,0.000552132,0.000551912
181970,0.998998,0.000501237,0.000501037
190546,0.99909,0.000455119,0.000454936
199526,0.999174,0.000413318,0.000413152
208930,0.999249,0.000375422,0.000375271
218776,0.999318,0.000341057,0.00034092
229087,0.99938,0.000309889,0.000309763
239883,0.999437,0.000281612,0.000281498
251189,0.999488,0.000255954,0.00025585
263027,0.999535,0.000232667,0.000232572
275423,0.999577,0.000211528,0.000211442
288403,0.999615,0.000192335,0.000192256
301995,0.99965,0.000174906,0.000174834
316228,0.999682,0.000159076,0.000159011
331131,0.999711,0.000144695,0.000144636
346737,0.999737,0.00013163,0.000131576
363078,0.999761,0.000119757,0.000119708
380189,0.999782,0.000108967,0.000108922
398107,0.999802,9.91583e-05,9.91173e-05
416869,0.99982,9.02415e-05,9.02041e-05
436516,0.999836,8.2134e-05,8.21e-05
457088,0.999851,7.47616e-05,7.47306e-05
478630,0.999864,6.80566e-05,6.80284e-05
501187,0.999876,6.1958e-05,6.19322e-05
524807,0.999887,5.64103e-05,5.63868e-05
549541,0.999897,5.13631e-05,5.13417e-05
575440,0.999906,4.67708e-05,4.67513e-05
602560,0.999915,4.2592e-05,4.25743e-05
630957,0.999922,3.87891e-05,3.87729e-05
660693,0.999929,3.5328e-05,3.53132e-05
691831,0.999936,3.21776e-05,3.21641e-05
724436,0.999941,2.93098e-05,2.92976e-05
758578,0.999947,2.66991e-05,2.66879e-05
794328,0.999951,2.43222e-05,2.4312e-05
831764,0.999956,2.2158e-05,2.21487e-05
870964,0.99996,2.01874e-05,2.01789e-05
912011,0.999963,1.83928e-05,1.83851e-05
954993,0.999966,1.67585e-05,1.67515e-05
1e+06,0.999969,1.52701e-05,1.52637e-05
1.04713e+06,0.999972,1.39144e-05,1.39086e-05
1.09648e+06,0.999975,1.26796e-05,1.26743e-05
1.14815e+06,0.999977,1.15548e-05,1.15499e-05
1.20226e+06,0.999979,1.05301e-05,1.05257e-05
1.25893e+06,0.999981,9.59664e-06,9.5926e-06
1.31826e+06,0.999983,8.74619e-06,8.74251e-06
1.38038e+06,0.999984,7.97136e-06,7.968e-06
1.44544e+06,0.999985,7.26538e-06,7.26232e-06
1.51356e+06,0.999987,6.62211e-06,6.61932e-06
1.58489e+06,0.999988,6.03596e-06,6.03342e-06
1.65959e+06,0.999989,5.50184e-06,5.49952e-06
1.7378e+06,0.99999,5.0151e-06,5.01298e-06
1.8197e+06,0.999991,4.57153e-06,4.5696e-06
1.90546e+06,0.999992,4.16728e-06,4.16552e-06
1.99526e+06,0.999992,3.79886e-06,3.79726e-06
2.0893e+06,0.999993,3.46309e-06,3.46163e-06
2.18776e+06,0.999994,3.15705e-06,3.15572e-06
2.29087e+06,0.999994,2.87812e-06,2.8769e-06
2.39883e+06,0.999995,2.62387e-06,2.62276e-06
2.51189e+06,0.999995,2.39213e-06,2.39111e-06
2.63027e+06,0.999996,2.18088e-06,2.17996e-06
2.75423e+06,0.999996,1.98833e-06,1.98749e-06
2.88403e+06,0.999996,1.8128e-06,1.81203e-06
3.01995e+06,0.999997,1.65279e-06,1.65209e-06
3.16228e+06,0.999997,1.50693e-06,1.50629e-06
3.31131e+06,0.999997,1.37395e-06,1.37337e-06
3.46737e+06,0.999997,1.25273e-06,1.2522e-06
3.63078e+06,0.999998,1.14221e-06,1.14173e-06
3.80189e+06,0.999998,1.04146e-06,1.04102e-06
3.98107e+06,0.999998,9.49603e-07,9.49201e-07
4.16869e+06,0.999998,8.65857e-07,8.65491e-07
4.36516e+06,0.999998,7.89505e-07,7.89171e-07
4.57088e+06,0.999999,7.19892e-07,7.19587e-07
4.7863e+06,0.999999,6.56423e-07,6.56146e-07
5.01187e+06,0.999999,5.98556e-07,5.98302e-07
5.24807e+06,0.999999,5.45794e-07,5.45562e-07
5.49541e+06,0.999999,4.97686e-07,4.97476e-07
5.7544e+06,0.999999,4.53823e-07,4.53631e-07
6.0256e+06,0.999999,4.13828e-07,4.13653e-07
6.30957e+06,0.999999,3.77361e-07,3.77201e-07
6.60693e+06,0.999999,3.44109e-07,3.43963e-07
6.91831e+06,0.999999,3.1379e-07,3.13657e-07
7.24436e+06,0.999999,2.86143e-07,2.86022e-07
7.58578e+06,0.999999,2.60934e-07,2.60823e-07
7.94328e+06,1,2.37947e-07,2.37846e-07
8.31764e+06,1,2.16986e-07,2.16894e-07
8.70964e+06,1,1.97873e-07,1.97789e-07
9.12011e+06,1,1.80444e-07,1.80368e-07
9.54993e+06,1,1.64551e-07,1.64481e-07
1e+07,1,1.50059e-07,1.49995e-07
1.04713e+07,1,1.36843e-07,1.36785e-07
1.09648e+07,1,1.24792e-07,1.24739e-07
1.14815e+07,1,1.13802e-07,1.13754e-07
1.20226e+07,1,1.03781e-07,1.03737e-07
1.25893e+07,1,9.46425e-08,9.46024e-08
1.31826e+07,1,8.63089e-08,8.62723e-08
1.38038e+07,1,7.87094e-08,7.86761e-08
1.44544e+07,1,7.17793e-08,7.17489e-08
1.51356e+07,1,6.54595e-08,6.54317e-08
1.58489e+07,1,5.96963e-08,5.9671e-08
1.65959e+07,1,5.44407e-08,5.44176e-08
1.7378e+07,1,4.96478e-08,4.96268e-08
1.8197e+07,1,4.52771e-08,4.52579e-08
1.90546e+07,1,4.12912e-08,4.12737e-08
1.99526e+07,1,3.76563e-08,3.76403e-08
2.0893e+07,1,3.43414e-08,3.43268e-08
2.18776e+07,1,3.13184e-08,3.13051e-08
2.29087e+07,1,2.85616e-08,2.85495e-08
2.39883e+07,1,2.60475e-08,2.60364e-08
2.51189e+07,1,2.37547e-08,2.37446e-08
2.63027e+07,1,2.16638e-08,2.16546e-08
2.75423e+07,1,1.9757e-08,1.97486e-08
2.88403e+07,1,1.8018e-08,1.80103e-08
3.01995e+07,1,1.64321e-08,1.64251e-08
3.16228e+07,1,1.49858e-08,1.49795e-08
3.31131e+07,1,1.36668e-08,1.3661e-08
3.46737e+07,1,1.2464e-08,1.24587e-08
3.63078e+07,1,1.1367e-08,1.13622e-08
3.80189e+07,1,1.03666e-08,1.03622e-08
3.98107e+07,1,9.4542e-09,9.45019e-09
4.16869e+07,1,8.62215e-09,8.61849e-09
4.36516e+07,1,7.86332e-09,7.85999e-09
4.57088e+07,1,7.17129e-09,7.16825e-09
4.7863e+07,1,6.54017e-09,6.5374e-09
5.01187e+07,1,5.9646e-09,5.96207e-09
5.24807e+07,1,5.43968e-09,5.43737e-09
5.49541e+07,1,4.96096e-09,4.95886e-09
5.7544e+07,1,4.52438e-09,4.52246e-09
6.0256e+07,1,4.12622e-09,4.12447e-09
6.30957e+07,1,3.7631e-09,3.76151e-09
6.60693e+07,1,3.43194e-09,3.43049e-09
6.91831e+07,1,3.12993e-09,3.1286e-09
7.24436e+07,1,2.85449e-09,2.85328e-09
7.58578e+07,1,2.6033e-09,2.60219e-09
7.94328e+07,1,2.37421e-09,2.3732e-09
8.31764e+07,1,2.16528e-09,2.16436e-09
8.70964e+07,1,1.97474e-09,1.9739e-09
9.12011e+07,1,1.80096e-09,1.8002e-09
9.54993e+07,1,1.64248e-09,1.64178e-09
1e+08,1,1.49795e-09,1.49731e-09
1.04713e+08,1,1.36613e-09,1.36555e-09
1.09648e+08,1,1.24592e-09,1.24539e-09
1.14815e+08,1,1.13628e-09,1.1358e-09
1.20226e+08,1,1.03629e-09,1.03585e-09
1.25893e+08,1,9.45103e-10,9.44702e-10
1.31826e+08,1,8.61938e-10,8.61572e-10
1.38038e+08,1,7.86091e-10,7.85758e-10
1.44544e+08,1,7.16919e-10,7.16615e-10
1.51356e+08,1,6.53834e-10,6.53557e-10
1.58489e+08,1,5.963e-10,5.96047e-10
1.65959e+08,1,5.43829e-10,5.43599e-10
1.7378e+08,1,4.95976e-10,4.95765e-10
1.8197e+08,1,4.52333e-10,4.52141e-10
1.90546e+08,1,4.12531e-10,4.12356e-10
1.99526e+08,1,3.76231e-10,3.76071e-10
2.0893e+08,1,3.43125e-10,3.42979e-10
2.18776e+08,1,3.12932e-10,3.128e-10
2.29087e+08,1,2.85396e-10,2.85275e-10
2.39883e+08,1,2.60284e-10,2.60173e-10
2.51189e+08,1,2.37381e-10,2.3728e-10
2.63027e+08,-nan,-nan,-nan
2.75423e+08,-nan,-nan,-nan
2.88403e+08,-nan,-nan,-nan
3.01995e+08,1,1.64225e-10,1.64155e-10
3.16228e+08,-nan,-nan,-nan
3.31131e+08,-nan,-nan,-nan
3.46737e+08,-nan,-nan,-nan
3.63078e+08,-nan,-nan,-nan
3.80189e+08,-nan,-nan,-nan
3.98107e+08,-nan,-nan,-nan
4.16869e+08,-nan,-nan,-nan
4.36516e+08,-nan,-nan,-nan
4.57088e+08,-nan,-nan,-nan
4.7863e+08,-nan,-nan,-nan
5.01187e+08,-nan,-nan,-nan
5.24807e+08,-nan,-nan,-nan
5.49541e+08,-nan,-nan,-nan
5.7544e+08,-nan,-nan,-nan
6.0256e+08,-nan,-nan,-nan
6.30957e+08,-nan,-nan,-nan
6.60693e+08,-nan,-nan,-nan
6.91831e+08,-nan,-nan,-nan
7.24436e+08,-nan,-nan,-nan
7.58578e+08,-nan,-nan,-nan
7.94328e+08,-nan,-nan,-nan
8.31764e+08,-nan,-nan,-nan
8.70964e+08,-nan,-nan,-nan
9.12011e+08,-nan,-nan,-nan
9.54993e+08,-nan,-nan,-nan
1e+09,-nan,-nan,-nan
1.04713e+09,-nan,-nan,-nan
1.09648e+09,-nan,-nan,-nan
1.14815e+09,-nan,-nan,-nan
1.20226e+09,-nan,-nan,-nan
1.25893e+09,-nan,-nan,-nan
1.31826e+09,-nan,-nan,-nan
1.38038e+09,-nan,-nan,-nan
1.44544e+09,-nan,-nan,-nan
1.51356e+09,-nan,-nan,-nan
1.58489e+09,-nan,-nan,-nan
1.65959e+09,-nan,-nan,-nan
1.7378e+09,-nan,-nan,-nan
1.8197e+09,-nan,-nan,-nan
1.90546e+09,-nan,-nan,-nan
1.99526e+09,-nan,-nan,-nan
2.0893e+09,-nan,-nan,-nan
2.18776e+09,-nan,-nan,-nan
2.29087e+09,-nan,-nan,-nan
2.39883e+09,-nan,-nan,-nan
2.51189e+09,-nan,-nan,-nan
2.63027e+09,-nan,-nan,-nan
2.75423e+09,-nan,-nan,-nan
2.88403e+09,-nan,-nan,-nan
3.01995e+09,-nan,-nan,-nan
3.16228e+09,-nan,-nan,-nan
3.31131e+09,-nan,-nan,-nan
3.46737e+09,-nan,-nan,-nan
3.63078e+09,-nan,-nan,-nan
3.80189e+09,-nan,-nan,-nan
3.98107e+09,-nan,-nan,-nan
4.16869e+09,-nan,-nan,-nan
4.36516e+09,-nan,-nan,-nan
4.57088e+09,-nan,-nan,-nan
4.7863e+09,-nan,-nan,-nan
5.01187e+09,-nan,-nan,-nan
5.24807e+09,-nan,-nan,-nan
5.49541e+09,-nan,-nan,-nan
5.7544e+09,-nan,-nan,-nan
6.0256e+09,-nan,-nan,-nan
6.30957e+09,-nan,-nan,-nan
6.60693e+09,-nan,-nan,-nan
6.91831e+09,-nan,-nan,-nan
7.24436e+09,-nan,-nan,-nan
7.58578e+09,-nan,-nan,-nan
7.94328e+09,-nan,-nan,-nan
8.31764e+09,-nan,-nan,-nan
8.70964e+09,-nan,-nan,-nan
9.12011e+09,-nan,-nan,-nan
9.54993e+09,-nan,-nan,-nan
1e+10,-nan,-nan,-nan
1.04713e+10,-nan,-nan,-nan
1.09648e+10,-nan,-nan,-nan
1.14815e+10,-nan,-nan,-nan
1.20226e+10,-nan,-nan,-nan
1.25893e+10,-nan,-nan,-nan
1.31826e+10,-nan,-nan,-nan
1.38038e+10,-nan,-nan,-nan
1.44544e+10,-nan,-nan,-nan
1.51356e+10,-nan,-nan,-nan
1.58489e+10,-nan,-nan,-nan
1.65959e+10,-nan,-nan,-nan
1.7378e+10,-nan,-nan,-nan
1.8197e+10,-nan,-nan,-nan
1.90546e+10,-nan,-nan,-nan
1.99526e+10,-nan,-nan,-nan
2.0893e+10,-nan,-nan,-nan
2.18776e+10,-nan,-nan,-nan
2.29087e+10,-nan,-nan,-nan
2.39883e+10,-nan,-nan,-nan
2.51189e+10,-nan,-nan,-nan
2.63027e+10,-nan,-nan,-nan
2.75423e+10,-nan,-nan,-nan
2.88403e+10,-nan,-nan,-nan
3.01995e+10,-nan,-nan,-nan
3.16228e+10,-nan,-nan,-nan
3.31131e+10,-nan,-nan,-nan
3.46737e+10,-nan,-nan,-nan
3.63078e+10,-nan,-nan,-nan
3.80189e+10,-nan,-nan,-nan
3.98107e+10,-nan,-nan,-nan
4.16869e+10,-nan,-nan,-nan
4.36516e+10,-nan,-nan,-nan
4.57088e+10,-nan,-nan,-nan
4.7863e+10,-nan,-nan,-nan
5.01187e+10,-nan,-nan,-nan
5.24807e+10,-nan,-nan,-nan
5.49541e+10,-nan,-nan,-nan
5.7544e+10,-nan,-nan,-nan
6.0256e+10,-nan,-nan,-nan
6.30957e+10,-nan,-nan,-nan
6.60693e+10,-nan,-nan,-nan
6.91831e+10,-nan,-nan,-nan
7.24436e+10,-nan,-nan,-nan
7.58578e+10,-nan,-nan,-nan
7.94328e+10,-nan,-nan,-nan
8.31764e+10,-nan,-nan,-nan
8.70964e+10,-nan,-nan,-nan
9.12011e+10,-nan,-nan,-nan
9.54993e+10,-nan,-nan,-nan
1e+11,-nan,-nan,-nan
1.04713e+11,-nan,-nan,-nan
1.09648e+11,-nan,-nan,-nan
1.14815e+11,-nan,-nan,-nan
1.20226e+11,-nan,-nan,-nan
1.25893e+11,-nan,-nan,-nan
1.31826e+11,-nan,-nan,-nan
1.38038e+11,-nan,-nan,-nan
1.44544e+11,-nan,-nan,-nan
1.51356e+11,-nan,-nan,-nan
1.58489e+11,-nan,-nan,-nan
1.65959e+11,-nan,-nan,-nan
1.7378e+11,-nan,-nan,-nan
1.8197e+11,-nan,-nan,-nan
1.90546e+11,-nan,-nan,-nan
1.99526e+11,-nan,-nan,-nan
2.0893e+11,-nan,-nan,-nan
2.18776e+11,-nan,-nan,-nan
2.29087e+11,-nan,-nan,-nan
2.39883e+11,-nan,-nan,-nan
2.51189e+11,-nan,-nan,-nan
2.63027e+11,-nan,-nan,-nan
2.75423e+11,-nan,-nan,-nan
2.88403e+11,-nan,-nan,-nan
3.01995e+11,-nan,-nan,-nan
3.16228e+11,-nan,-nan,-nan
3.31131e+11,-nan,-nan,-nan
3.46737e+11,-nan,-nan,-nan
3.63078e+11,-nan,-nan,-nan
3.80189e+11,-nan,-nan,-nan
3.98107e+11,-nan,-nan,-nan
4.16869e+11,-nan,-nan,-nan
4.36516e+11,-nan,-nan,-nan
4.57088e+11,-nan,-nan,-nan
4.7863e+11,-nan,-nan,-nan
5.01187e+11,-nan,-nan,-nan
5.24807e+11,-nan,-nan,-nan
5.49541e+11,-nan,-nan,-nan
5.7544e+11,-nan,-nan,-nan
6.0256e+11,-nan,-nan,-nan
6.30957e+11,-nan,-nan,-nan
6.60693e+11,-nan,-nan,-nan
6.91831e+11,-nan,-nan,-nan
7.24436e+11,-nan,-nan,-nan
7.58578e+11,-nan,-nan,-nan
7.94328e+11,-nan,-nan,-nan
8.31764e+11,-nan,-nan,-nan
8.70964e+11,-nan,-nan,-nan
9.12011e+11,-nan,-nan,-nan
9.54993e+11,-nan,-nan,-nan
1e+12,-nan,-nan,-nan
1.04713e+12,-nan,-nan,-nan
1.09648e+12,-nan,-nan,-nan
1.14815e+12,-nan,-nan,-nan
1.20226e+12,-nan,-nan,-nan
1.25893e+12,-nan,-nan,-nan
1.31826e+12,-nan,-nan,-nan
1.38038e+12,-nan,-nan,-nan
1.44544e+12,-nan,-nan,-nan
1.51356e+12,-nan,-nan,-nan
1.58489e+12,-nan,-nan,-nan
1.65959e+12,-nan,-nan,-nan
1.7378e+12,-nan,-nan,-nan
1.8197e+12,-nan,-nan,-nan
1.90546e+12,-nan,-nan,-nan
1.99526e+12,-nan,-nan,-nan
2.0893e+12,-nan,-nan,-nan
2.18776e+12,-nan,-nan,-nan
2.29087e+12,-nan,-nan,-nan
2.39883e+12,-nan,-nan,-nan
2.51189e+12,-nan,-nan,-nan
2.63027e+12,-nan,-nan,-nan
2.75423e+12,-nan,-nan,-nan
2.88403e+12,-nan,-nan,-nan
3.01995e+12,-nan,-nan,-nan
3.16228e+12,-nan,-nan,-nan
3.31131e+12,-nan,-nan,-nan
3.46737e+12,-nan,-nan,-nan
3.63078e+12,-nan,-nan,-nan
3.80189e+12,-nan,-nan,-nan
3.98107e+12,-nan,-nan,-nan
4.16869e+12,-nan,-nan,-nan
4.36516e+12,-nan,-nan,-nan
4.57088e+12,-nan,-nan,-nan
4.7863e+12,-nan,-nan,-nan
5.01187e+12,-nan,-nan,-nan
5.24807e+12,-nan,-nan,-nan
5.49541e+12,-nan,-nan,-nan
5.7544e+12,-nan,-nan,-nan
6.0256e+12,-nan,-nan,-nan
6.30957e+12,-nan,-nan,-nan
6.60693e+12,-nan,-nan,-nan
6.91831e+12,-nan,-nan,-nan
7.24436e+12,-nan,-nan,-nan
7.58578e+12,-nan,-nan,-nan
7.94328e+12,-nan,-nan,-nan
8.31764e+12,-nan,-nan,-nan
8.70964e+12,-nan,-nan,-nan
9.12011e+12,-nan,-nan,-nan
9.54993e+12,-nan,-nan,-nan
1e+13,-nan,-nan,-nan
1.04713e+13,-nan,-nan,-nan
1.09648e+13,-nan,-nan,-nan
1.14815e+13,-nan,-nan,-nan
1.20226e+13,-nan,-nan,-nan
1.25893e+13,-nan,-nan,-nan
1.31826e+13,-nan,-nan,-nan
1.38038e+13,-nan,-nan,-nan
1.44544e+13,-nan,-nan,-nan
1.51356e+13,-nan,-nan,-nan
1.58489e+13,-nan,-nan,-nan
1.65959e+13,-nan,-nan,-nan
1.7378e+13,-nan,-nan,-nan
1.8197e+13,-nan,-nan,-nan
1.90546e+13,-nan,-nan,-nan
1.99526e+13,-nan,-nan,-nan
2.0893e+13,-nan,-nan,-nan
2.18776e+13,-nan,-nan,-nan
2.29087e+13,-nan,-nan,-nan
2.39883e+13,-nan,-nan,-nan
2.51189e+13,-nan,-nan,-nan
2.63027e+13,-nan,-nan,-nan
2.75423e+13,-nan,-nan,-nan
2.88403e+13,-nan,-nan,-nan
3.01995e+13,-nan,-nan,-nan
3.16228e+13,-nan,-nan,-nan
3.31131e+13,-nan,-nan,-nan
3.46737e+13,-nan,-nan,-nan
3.63078e+13,-nan,-nan,-nan
3.80189e+13,-nan,-nan,-nan
3.98107e+13,-nan,-nan,-nan
4.16869e+13,-nan,-nan,-nan
4.36516e+13,-nan,-nan,-nan
4.57088e+13,-nan,-nan,-nan
4.7863e+13,-nan,-nan,-nan
5.01187e+13,-nan,-nan,-nan
5.24807e+13,-nan,-nan,-nan
5.49541e+13,-nan,-nan,-nan
5.7544e+13,-nan,-nan,-nan
6.0256e+13,-nan,-nan,-nan
6.30957e+13,-nan,-nan,-nan
6.60693e+13,-nan,-nan,-nan
6.91831e+13,-nan,-nan,-nan
7.24436e+13,-nan,-nan,-nan
7.58578e+13,-nan,-nan,-nan
7.94328e+13,-nan,-nan,-nan
8.31764e+13,-nan,-nan,-nan
8.70964e+13,-nan,-nan,-nan
9.12011e+13,-nan,-nan,-nan
9.54993e+13,-nan,-nan,-nan
1e+14,-nan,-nan,-nan
1.04713e+14,-nan,-nan,-nan
1.09648e+14,-nan,-nan,-nan
1.14815e+14,-nan,-nan,-nan
1.20226e+14,-nan,-nan,-nan
1.25893e+14,-nan,-nan,-nan
1.31826e+14,-nan,-nan,-nan
1.38038e+14,-nan,-nan,-nan
1.44544e+14,-nan,-nan,-nan
1.51356e+14,-nan,-nan,-nan
1.58489e+14,-nan,-nan,-nan
1.65959e+14,-nan,-nan,-nan
1.7378e+14,-nan,-nan,-nan
1.8197e+14,-nan,-nan,-nan
1.90546e+14,-nan,-nan,-nan
1.99526e+14,-nan,-nan,-nan
2.0893e+14,-nan,-nan,-nan
2.18776e+14,-nan,-nan,-nan
2.29087e+14,-nan,-nan,-nan
2.39883e+14,-nan,-nan,-nan
2.51189e+14,-nan,-nan,-nan
2.63027e+14,-nan,-nan,-nan
2.75423e+14,-nan,-nan,-nan
2.88403e+14,-nan,-nan,-nan
3.01995e+14,-nan,-nan,-nan
3.16228e+14,-nan,-nan,-nan
3.31131e+14,-nan,-nan,-nan
3.46737e+14,-nan,-nan,-nan
3.63078e+14,-nan,-nan,-nan
3.80189e+14,-nan,-nan,-nan
3.98107e+14,-nan,-nan,-nan
4.16869e+14,-nan,-nan,-nan
4.36516e+14,-nan,-nan,-nan
4.57088e+14,-nan,-nan,-nan
4.7863e+14,-nan,-nan,-nan
5.01187e+14,-nan,-nan,-nan
5.24807e+14,-nan,-nan,-nan
5.49541e+14,-nan,-nan,-nan
5.7544e+14,-nan,-nan,-nan
6.0256e+14,-nan,-nan,-nan
6.30957e+14,-nan,-nan,-nan
6.60693e+14,-nan,-nan,-nan
6.91831e+14,-nan,-nan,-nan
7.24436e+14,-nan,-nan,-nan
7.58578e+14,-nan,-nan,-nan
7.94328e+14,-nan,-nan,-nan
8.31764e+14,-nan,-nan,-nan
8.70964e+14,-nan,-nan,-nan
9.12011e+14,-nan,-nan,-nan
9.54993e+14,-nan,-nan,-nan
1e+15,-nan,-nan,-nan
1.04713e+15,-nan,-nan,-nan
1.09648e+15,-nan,-nan,-nan
1.14815e+15,-nan,-nan,-nan
1.20226e+15,-nan,-nan,-nan
1.25893e+15,-nan,-nan,-nan
1.31826e+15,-nan,-nan,-nan
1.38038e+15,-nan,-nan,-nan
1.44544e+15,-nan,-nan,-nan
1.51356e+15,-nan,-nan,-nan
1.58489e+15,-nan,-nan,-nan
1.65959e+15,-nan,-nan,-nan
1.7378e+15,-nan,-nan,-nan
1.8197e+15,-nan,-nan,-nan
1.90546e+15,-nan,-nan,-nan
1.99526e+15,-nan,-nan,-nan
2.0893e+15,-nan,-nan,-nan
2.18776e+15,-nan,-nan,-nan
2.29087e+15,-nan,-nan,-nan
2.39883e+15,-nan,-nan,-nan
2.51189e+15,-nan,-nan,-nan
2.63027e+15,-nan,-nan,-nan
2.75423e+15,-nan,-nan,-nan
2.88403e+15,-nan,-nan,-nan
3.01995e+15,-nan,-nan,-nan
3.16228e+15,-nan,-nan,-nan
3.31131e+15,-nan,-nan,-nan
3.46737e+15,-nan,-nan,-nan
3.63078e+15,-nan,-nan,-nan
3.80189e+15,-nan,-nan,-nan
3.98107e+15,-nan,-nan,-nan
4.16869e+15,-nan,-nan,-nan
4.36516e+15,-nan,-nan,-nan
4.57088e+15,-nan,-nan,-nan
4.7863e+15,-nan,-nan,-nan
5.01187e+15,-nan,-nan,-nan
5.24807e+15,-nan,-nan,-nan
5.49541e+15,-nan,-nan,-nan
5.7544e+15,-nan,-nan,-nan
6.0256e+15,-nan,-nan,-nan
6.30957e+15,-nan,-nan,-nan
6.60693e+15,-nan,-nan,-nan
6.91831e+15,-nan,-nan,-nan
7.24436e+15,-nan,-nan,-nan
7.58578e+15,-nan,-nan,-nan
7.94328e+15,-nan,-nan,-nan
8.31764e+15,-nan,-nan,-nan
8.70964e+15,-nan,-nan,-nan
9.12011e+15,-nan,-nan,-nan
9.54993e+15,-nan,-nan,-nan
1e+16,-nan,-nan,-nan
1.04713e+16,-nan,-nan,-nan
1.09648e+16,-nan,-nan,-nan
1.14815e+16,-nan,-nan,-nan
1.20226e+16,-nan,-nan,-nan
1.25893e+16,-nan,-nan,-nan
1.31826e+16,-nan,-nan,-nan
1.38038e+16,-nan,-nan,-nan
1.44544e+16,-nan,-nan,-nan
1.51356e+16,-nan,-nan,-nan
1.58489e+16,-nan,-nan,-nan
1.65959e+16,-nan,-nan,-nan
1.7378e+16,-nan,-nan,-nan
1.8197e+16,-nan,-nan,-nan
1.90546e+16,-nan,-nan,-nan
1.99526e+16,-nan,-nan,-nan
2.0893e+16,-nan,-nan,-nan
2.18776e+16,-nan,-nan,-nan
2.29087e+16,-nan,-nan,-nan
2.39883e+16,-nan,-nan,-nan
2.51189e+16,-nan,-nan,-nan
2.63027e+16,-nan,-nan,-nan
2.75423e+16,-nan,-nan,-nan
2.88403e+16,-nan,-nan,-nan
3.01995e+16,-nan,-nan,-nan
3.16228e+16,-nan,-nan,-nan
3.31131e+16,-nan,-nan,-nan
3.46737e+16,-nan,-nan,-nan
3.63078e+16,-nan,-nan,-nan
3.80189e+16,-nan,-nan,-nan
3.98107e+16,-nan,-nan,-nan
4.16869e+16,-nan,-nan,-nan
4.36516e+16,-nan,-nan,-nan
4.57088e+16,-nan,-nan,-nan
4.7863e+16,-nan,-nan,-nan
5.01187e+16,-nan,-nan,-nan
5.24807e+16,-nan,-nan,-nan
5.49541e+16,-nan,-nan,-nan
5.7544e+16,-nan,-nan,-nan
6.0256e+16,-nan,-nan,-nan
6.30957e+16,-nan,-nan,-nan
6.60693e+16,-nan,-nan,-nan
6.91831e+16,-nan,-nan,-nan
7.24436e+16,-nan,-nan,-nan
7.58578e+16,-nan,-nan,-nan
7.94328e+16,-nan,-nan,-nan
8.31764e+16,-nan,-nan,-nan
8.70964e+16,-nan,-nan,-nan
9.12011e+16,-nan,-nan,-nan
9.54993e+16,-nan,-nan,-nan
