1e+12,0.999996,1.8287e-06,1.8287e-06
9.84011e+11,0.999996,1.8901e-06,1.8901e-06
9.68278e+11,0.999996,1.95357e-06,1.95357e-06
9.52796e+11,0.999996,2.01921e-06,2.01921e-06
9.37562e+11,0.999996,2.08707e-06,2.08707e-06
9.22571e+11,0.999996,2.15724e-06,2.15724e-06
9.07821e+11,0.999996,2.2298e-06,2.2298e-06
8.93305e+11,0.999995,2.30483e-06,2.30483e-06
8.79023e+11,0.999995,2.38242e-06,2.38242e-06
8.64968e+11,0.999995,2.46265e-06,2.46265e-06
8.51138e+11,0.999995,2.54561e-06,2.54561e-06
8.37529e+11,0.999995,2.63141e-06,2.63141e-06
8.24138e+11,0.999995,2.72013e-06,2.72013e-06
8.10961e+11,0.999994,2.81189e-06,2.81189e-06
7.97995e+11,0.999994,2.90678e-06,2.90678e-06
7.85236e+11,0.999994,3.00491e-06,3.00491e-06
7.72681e+11,0.999994,3.10641e-06,3.10641e-06
7.60326e+11,0.999994,3.21138e-06,3.21138e-06
7.4817e+11,0.999993,3.31995e-06,3.31994e-06
7.36207e+11,0.999993,3.43223e-06,3.43223e-06
7.24436e+11,0.999993,3.54837e-06,3.54837e-06
7.12853e+11,0.999993,3.6685e-06,3.6685e-06
7.01455e+11,0.999992,3.79275e-06,3.79275e-06
6.9024e+11,0.999992,3.92128e-06,3.92128e-06
6.79204e+11,0.999992,4.05422e-06,4.05422e-06
6.68344e+11,0.999992,4.19174e-06,4.19174e-06
6.57658e+11,0.999991,4.334e-06,4.334e-06
6.47143e+11,0.999991,4.48115e-06,4.48115e-06
6.36796e+11,0.999991,4.63339e-06,4.63339e-06
6.26614e+11,0.99999,4.79088e-06,4.79088e-06
6.16595e+11,0.99999,4.9538e-06,4.9538e-06
6.06736e+11,0.99999,5.12236e-06,5.12236e-06
5.97035e+11,0.999989,5.29675e-06,5.29675e-06
5.87489e+11,0.999989,5.47717e-06,5.47717e-06
5.78096e+11,0.999989,5.66384e-06,5.66384e-06
5.68853e+11,0.999988,5.85698e-06,5.85698e-06
5.59758e+11,0.999988,6.05683e-06,6.05683e-06
5.50808e+11,0.999987,6.2636e-06,6.2636e-06
5.42001e+11,0.999987,6.47757e-06,6.47757e-06
5.33335e+11,0.999987,6.69897e-06,6.69897e-06
5.24807e+11,0.999986,6.92808e-06,6.92808e-06
5.16416e+11,0.999986,7.16516e-06,7.16516e-06
5.08159e+11,0.999985,7.4105e-06,7.4105e-06
5.00035e+11,0.999985,7.66441e-06,7.66441e-06
4.9204e+11,0.999984,7.92717e-06,7.92717e-06
4.84172e+11,0.999984,8.19912e-06,8.19912e-06
4.76431e+11,0.999983,8.48057e-06,8.48057e-06
4.68813e+11,0.999982,8.77187e-06,8.77187e-06
4.61318e+11,0.999982,9.07337e-06,9.07337e-06
4.53942e+11,0.999981,9.38544e-06,9.38544e-06
4.46684e+11,0.999981,9.70846e-06,9.70846e-06
4.39542e+11,0.99998,1.00428e-05,1.00428e-05
4.32514e+11,0.999979,1.03889e-05,1.03889e-05
4.25598e+11,0.999979,1.07472e-05,1.07472e-05
4.18794e+11,0.999978,1.11181e-05,1.11181e-05
4.12098e+11,0.999977,1.15021e-05,1.15021e-05
4.05509e+11,0.999976,1.18996e-05,1.18996e-05
3.99025e+11,0.999975,1.23111e-05,1.23111e-05
3.92645e+11,0.999975,1.27372e-05,1.27372e-05
3.86367e+11,0.999974,1.31783e-05,1.31783e-05
3.80189e+11,0.999973,1.3635e-05,1.3635e-05
3.74111e+11,0.999972,1.4108e-05,1.4108e-05
3.68129e+11,0.999971,1.45977e-05,1.45977e-05
3.62243e+11,0.99997,1.51047e-05,1.51047e-05
3.56451e+11,0.999969,1.56298e-05,1.56298e-05
3.50752e+11,0.999968,1.61736e-05,1.61736e-05
3.45144e+11,0.999967,1.67367e-05,1.67367e-05
3.39625e+11,0.999965,1.73198e-05,1.73198e-05
3.34195e+11,0.999964,1.79238e-05,1.79238e-05
3.28852e+11,0.999963,1.85493e-05,1.85493e-05
3.23594e+11,0.999962,1.91972e-05,1.91972e-05
3.1842e+11,0.99996,1.98682e-05,1.98682e-05
3.13329e+11,0.999959,2.05632e-05,2.05632e-05
3.08319e+11,0.999957,2.12832e-05,2.12832e-05
3.03389e+11,0.999956,2.20289e-05,2.20289e-05
2.98538e+11,0.999954,2.28014e-05,2.28014e-05
2.93765e+11,0.999953,2.36017e-05,2.36017e-05
2.89068e+11,0.999951,2.44308e-05,2.44308e-05
2.84446e+11,0.999949,2.52897e-05,2.52897e-05
2.79898e+11,0.999948,2.61796e-05,2.61796e-05
2.75423e+11,0.999946,2.71015e-05,2.71015e-05
2.71019e+11,0.999944,2.80568e-05,2.80568e-05
2.66686e+11,0.999942,2.90466e-05,2.90466e-05
2.62422e+11,0.99994,3.00722e-05,3.00722e-05
2.58226e+11,0.999938,3.11349e-05,3.11349e-05
2.54097e+11,0.999936,3.22361e-05,3.22361e-05
2.50035e+11,0.999933,3.33773e-05,3.33773e-05
2.46037e+11,0.999931,3.456e-05,3.456e-05
2.42103e+11,0.999928,3.57856e-05,3.57856e-05
2.38232e+11,0.999926,3.70558e-05,3.70558e-05
2.34423e+11,0.999923,3.83723e-05,3.83723e-05
2.30675e+11,0.999921,3.97368e-05,3.97368e-05
2.26986e+11,0.999918,4.11511e-05,4.11511e-05
2.23357e+11,0.999915,4.2617e-05,4.2617e-05
2.19786e+11,0.999912,4.41366e-05,4.41366e-05
2.16272e+11,0.999909,4.57117e-05,4.57117e-05
2.12814e+11,0.999905,4.73446e-05,4.73446e-05
2.09411e+11,0.999902,4.90372e-05,4.90372e-05
2.06063e+11,0.999898,5.0792e-05,5.0792e-05
2.02768e+11,0.999895,5.26113e-05,5.26113e-05
1.99526e+11,0.999891,5.44974e-05,5.44974e-05
1.96336e+11,0.999887,5.64529e-05,5.64529e-05
1.93197e+11,0.999883,5.84804e-05,5.84804e-05
1.90108e+11,0.999879,6.05827e-05,6.05827e-05
1.87068e+11,0.999874,6.27625e-05,6.27625e-05
1.84077e+11,0.99987,6.50227e-05,6.50227e-05
1.81134e+11,0.999865,6.73664e-05,6.73664e-05
1.78238e+11,0.99986,6.97968e-05,6.97968e-05
1.75388e+11,0.999855,7.23171e-05,7.23171e-05
1.72584e+11,0.99985,7.49307e-05,7.49307e-05
1.69824e+11,0.999845,7.76412e-05,7.76412e-05
1.67109e+11,0.999839,8.04522e-05,8.04522e-05
1.64437e+11,0.999833,8.33674e-05,8.33674e-05
1.61808e+11,0.999827,8.63909e-05,8.63909e-05
1.59221e+11,0.999821,8.95268e-05,8.95268e-05
1.56675e+11,0.999814,9.27791e-05,9.27791e-05
1.5417e+11,0.999808,9.61525e-05,9.61525e-05
1.51705e+11,0.999801,9.96514e-05,9.96514e-05
1.49279e+11,0.999793,0.000103281,0.000103281
1.46893e+11,0.999786,0.000107045,0.000107045
1.44544e+11,0.999778,0.00011095,0.00011095
1.42233e+11,0.99977,0.000115,0.000115
1.39959e+11,0.999762,0.000119201,0.000119201
1.37721e+11,0.999753,0.000123559,0.000123559
1.35519e+11,0.999744,0.00012808,0.00012808
1.33352e+11,0.999734,0.000132769,0.000132769
1.3122e+11,0.999725,0.000137634,0.000137634
1.29122e+11,0.999715,0.00014268,0.00014268
1.27057e+11,0.999704,0.000147914,0.000147914
1.25026e+11,0.999693,0.000153344,0.000153344
1.23027e+11,0.999682,0.000158977,0.000158977
1.2106e+11,0.99967,0.00016482,0.00016482
1.19124e+11,0.999658,0.000170881,0.000170881
1.1722e+11,0.999646,0.000177169,0.000177169
1.15345e+11,0.999633,0.000183691,0.000183691
1.13501e+11,0.999619,0.000190456,0.000190456
1.11686e+11,0.999605,0.000197473,0.000197473
1.09901e+11,0.99959,0.000204752,0.000204752
1.08143e+11,0.999575,0.000212303,0.000212303
1.06414e+11,0.99956,0.000220134,0.000220134
1.04713e+11,0.999543,0.000228256,0.000228256
1.03039e+11,0.999527,0.000236681,0.000236681
1.01391e+11,0.999509,0.000245418,0.000245418
9.977e+10,0.999491,0.000254479,0.000254479
9.81748e+10,0.999472,0.000263875,0.000263875
9.66051e+10,0.999453,0.00027362,0.00027362
9.50605e+10,0.999433,0.000283724,0.000283724
9.35406e+10,0.999412,0.000294201,0.000294201
9.2045e+10,0.99939,0.000305064,0.000305064
9.05733e+10,0.999367,0.000316326,0.000316326
8.91251e+10,0.999344,0.000328002,0.000328002
8.77001e+10,0.99932,0.000340105,0.000340105
8.62979e+10,0.999295,0.00035265,0.00035265
8.4918e+10,0.999269,0.000365653,0.000365653
8.35603e+10,0.999242,0.000379128,0.000379128
8.22243e+10,0.999214,0.000393092,0.000393092
8.09096e+10,0.999185,0.00040756,0.00040756
7.96159e+10,0.999155,0.00042255,0.00042255
7.8343e+10,0.999124,0.000438079,0.000438079
7.70903e+10,0.999092,0.000454163,0.000454163
7.58578e+10,0.999058,0.000470821,0.000470821
7.46449e+10,0.999024,0.00048807,0.00048807
7.34514e+10,0.998988,0.000505929,0.000505929
7.2277e+10,0.998951,0.000524417,0.000524417
7.11214e+10,0.998913,0.000543552,0.000543552
6.99842e+10,0.998873,0.000563354,0.000563354
6.88652e+10,0.998832,0.000583842,0.000583842
6.77642e+10,0.99879,0.000605036,0.000605036
6.66807e+10,0.998746,0.000626956,0.000626956
6.56145e+10,0.998701,0.000649621,0.000649621
6.45654e+10,0.998654,0.000673052,0.000673052
6.35331e+10,0.998605,0.000697268,0.000697268
6.25173e+10,0.998555,0.000722289,0.000722289
6.15177e+10,0.998504,0.000748136,0.000748136
6.05341e+10,0.99845,0.000774828,0.000774828
5.95662e+10,0.998395,0.000802383,0.000802383
5.86138e+10,0.998338,0.000830822,0.000830822
5.76766e+10,0.99828,0.000860162,0.000860162
5.67545e+10,0.998219,0.000890422,0.000890422
5.5847e+10,0.998157,0.000921618,0.000921618
5.49541e+10,0.998092,0.000953767,0.000953767
5.40754e+10,0.998026,0.000986884,0.000986884
5.32108e+10,0.997958,0.00102098,0.00102098
5.236e+10,0.997888,0.00105608,0.00105608
5.15229e+10,0.997816,0.00109218,0.00109218
5.06991e+10,0.997741,0.0011293,0.0011293
4.98884e+10,0.997665,0.00116744,0.00116744
4.90908e+10,0.997587,0.00120662,0.00120662
4.83059e+10,0.997506,0.00124683,0.00124683
4.75335e+10,0.997424,0.00128807,0.00128807
4.67735e+10,0.997339,0.00133034,0.00133034
4.60257e+10,0.997253,0.00137364,0.00137364
4.52898e+10,0.997164,0.00141796,0.00141796
4.45656e+10,0.997073,0.00146328,0.00146328
4.38531e+10,0.996981,0.0015096,0.0015096
4.31519e+10,0.996886,0.00155687,0.00155687
4.2462e+10,0.99679,0.00160509,0.00160509
4.1783e+10,0.996692,0.00165421,0.00165421
4.1115e+10,0.996592,0.0017042,0.0017042
4.04576e+10,0.99649,0.00175502,0.00175502
3.98107e+10,0.996387,0.00180661,0.00180661
3.91742e+10,0.996282,0.00185891,0.00185891
3.85478e+10,0.996176,0.00191185,0.00191185
3.79315e+10,0.996069,0.00196537,0.00196537
3.7325e+10,0.995961,0.00201937,0.00201937
3.67282e+10,0.995852,0.00207375,0.00207375
3.6141e+10,0.995743,0.00212843,0.00212843
3.55631e+10,0.995633,0.00218327,0.00218327
3.49945e+10,0.995524,0.00223815,0.00223815
3.4435e+10,0.995414,0.00229294,0.00229294
3.38844e+10,0.995305,0.00234747,0.00234747
3.33426e+10,0.995197,0.00240158,0.00240158
3.28095e+10,0.99509,0.0024551,0.0024551
3.22849e+10,0.994984,0.00250782,0.00250782
3.17687e+10,0.994881,0.00255953,0.00255953
3.12608e+10,0.99478,0.00261002,0.00261002
3.0761e+10,0.994682,0.00265903,0.00265903
3.02691e+10,0.994587,0.0027063,0.0027063
2.97852e+10,0.994497,0.00275158,0.00275158
2.93089e+10,0.994411,0.00279455,0.00279455
2.88403e+10,0.99433,0.00283491,0.00283491
2.83792e+10,0.994255,0.00287234,0.00287234
2.79254e+10,0.994187,0.0029065,0.0029065
2.74789e+10,0.994126,0.00293702,0.00293702
2.70396e+10,0.994073,0.00296354,0.00296354
2.66073e+10,0.994029,0.00298567,0.00298567
2.61818e+10,0.993994,0.00300301,0.00300301
2.57632e+10,0.99397,0.00301516,0.00301516
2.53513e+10,0.993957,0.0030217,0.0030217
2.49459e+10,0.993956,0.00302221,0.00302221
2.45471e+10,0.993967,0.00301627,0.00301627
2.41546e+10,0.993993,0.00300346,0.00300346
2.37684e+10,0.994033,0.00298336,0.00298336
2.33884e+10,0.994089,0.00295557,0.00295557
2.30144e+10,0.994161,0.00291971,0.00291971
2.26464e+10,0.994249,0.00287542,0.00287542
2.22844e+10,0.994355,0.00282237,0.00282237
2.1928e+10,0.994479,0.00276028,0.00276028
2.15774e+10,0.994622,0.00268891,0.00268891
2.12324e+10,0.994784,0.00260809,0.00260809
2.0893e+10,0.994965,0.00251773,0.00251773
2.05589e+10,0.995164,0.00241782,0.00241782
2.02302e+10,0.995383,0.00230846,0.00230846
1.99067e+10,0.99562,0.00218986,0.00218986
1.95884e+10,0.995875,0.00206238,0.00206238
1.92752e+10,0.996147,0.00192653,0.00192653
1.89671e+10,0.996434,0.00178301,0.00178301
1.86638e+10,0.996735,0.0016327,0.0016327
1.83654e+10,0.997047,0.00147674,0.00147674
1.80717e+10,0.997367,0.00131648,0.00131648
1.77828e+10,0.997693,0.00115358,0.00115358
1.74985e+10,0.99802,0.00099,0.00099
1.72187e+10,0.998344,0.000828029,0.000828029
1.69434e+10,0.998659,0.000670327,0.000670327
1.66725e+10,0.99896,0.00051995,0.00051995
1.64059e+10,0.999239,0.00038038,0.00038038
1.61436e+10,0.999489,0.000255559,0.000255559
1.58855e+10,0.9997,0.000149914,0.000149914
1.56315e+10,0.999863,6.83854e-05,6.83854e-05
1.53815e+10,0.999967,1.64545e-05,1.64545e-05
1.51356e+10,1,1.62269e-07,1.62269e-07
1.48936e+10,0.999948,2.61275e-05,2.61275e-05
1.46555e+10,0.999797,0.000101558,0.000101558
1.44212e+10,0.999531,0.000234256,0.000234256
1.41906e+10,0.999135,0.000432612,0.000432612
1.39637e+10,0.998589,0.000705591,0.000705591
1.37404e+10,0.997875,0.00106271,0.00106271
1.35207e+10,0.996972,0.00151398,0.00151398
1.33045e+10,0.99586,0.00206989,0.00206989
1.30918e+10,0.994517,0.00274129,0.00274129
1.28825e+10,0.992921,0.00353929,0.00353929
1.26765e+10,0.99105,0.00447521,0.00447521
1.24738e+10,0.988879,0.00556034,0.00556034
1.22744e+10,0.986388,0.00680587,0.00680587
1.20781e+10,0.983555,0.00822258,0.00822258
1.1885e+10,0.980359,0.00982073,0.00982073
1.1695e+10,0.976781,0.0116097,0.0116097
1.1508e+10,0.972805,0.0135977,0.0135977
1.1324e+10,0.968417,0.0157916,0.0157916
1.11429e+10,0.963608,0.0181962,0.0181962
1.09648e+10,0.958371,0.0208143,0.0208143
1.07895e+10,0.952708,0.0236459,0.0236459
1.0617e+10,0.946624,0.026688,0.026688
1.04472e+10,0.940132,0.0299341,0.0299341
1.02802e+10,0.933253,0.0333734,0.0333734
1.01158e+10,0.926018,0.0369909,0.0369909
9.95405e+09,0.918467,0.0407665,0.0407665
9.7949e+09,0.910651,0.0446747,0.0446747
9.63829e+09,0.902631,0.0486843,0.0486843
9.48418e+09,0.894484,0.0527579,0.0527579
9.33254e+09,0.886296,0.0568521,0.0568521
9.18333e+09,0.878167,0.0609167,0.0609167
9.03649e+09,0.870209,0.0648956,0.0648956
8.89201e+09,0.862547,0.0687263,0.0687263
8.74984e+09,0.855319,0.0723407,0.0723407
8.60994e+09,0.848668,0.0756659,0.0756659
8.47227e+09,0.84275,0.0786248,0.0786248
8.33681e+09,0.837725,0.0811377,0.0811377
8.20352e+09,0.833752,0.0831239,0.0831239
8.07235e+09,0.830993,0.0845037,0.0845037
7.94328e+09,0.829599,0.0852004,0.0852004
7.81628e+09,0.829713,0.0851435,0.0851435
7.6913e+09,0.831457,0.0842717,0.0842717
7.56833e+09,0.834928,0.0825362,0.0825362
7.44732e+09,0.840191,0.0799043,0.0799043
7.32825e+09,0.847272,0.0763639,0.0763639
7.21107e+09,0.856146,0.0719268,0.0719268
7.09578e+09,0.866733,0.0666334,0.0666334
6.98232e+09,0.878888,0.0605561,0.0605561
6.87068e+09,0.892394,0.053803,0.053803
6.76083e+09,0.906958,0.046521,0.046521
6.65273e+09,0.922205,0.0388974,0.0388974
6.54636e+09,0.937677,0.0311616,0.0311616
6.44169e+09,0.952832,0.0235842,0.0235842
6.3387e+09,0.967049,0.0164753,0.0164753
6.23735e+09,0.979639,0.0101806,0.0101806
6.13762e+09,0.989849,0.00507558,0.00507558
6.03949e+09,0.996886,0.00155683,0.00155683
5.94292e+09,0.999936,3.17788e-05,3.17788e-05
5.8479e+09,0.998189,0.000905414,0.000905414
5.7544e+09,0.99087,0.00456501,0.00456501
5.66239e+09,0.977274,0.0113628,0.0113628
5.57186e+09,0.956806,0.0215971,0.0215971
5.48277e+09,0.929015,0.0354926,0.0354926
5.39511e+09,0.893639,0.0531804,0.0531804
5.30884e+09,0.850641,0.0746793,0.0746793
5.22396e+09,0.800242,0.0998788,0.0998788
5.14044e+09,0.742948,0.128526,0.128526
5.05825e+09,0.679568,0.160216,0.160216
4.97737e+09,0.611217,0.194391,0.194391
4.89779e+09,0.539313,0.230343,0.230343
4.81948e+09,0.465542,0.267229,0.267229
4.74242e+09,0.391824,0.304088,0.304088
4.66659e+09,0.320243,0.339879,0.339879
4.59198e+09,0.252976,0.373512,0.373512
4.51856e+09,0.192198,0.403901,0.403901
4.44631e+09,0.139977,0.430012,0.430012
4.37522e+09,0.0981674,0.450916,0.450916
4.30527e+09,0.0683043,0.465848,0.465848
4.23643e+09,0.0515025,0.474249,0.474249
4.16869e+09,0.0483774,0.475811,0.475811
4.10204e+09,0.0589892,0.470505,0.470505
4.03645e+09,0.082818,0.458591,0.458591
3.97192e+09,0.118777,0.440612,0.440612
3.90841e+09,0.165263,0.417368,0.417368
3.84592e+09,0.220247,0.389876,0.389876
3.78443e+09,0.281395,0.359303,0.359303
3.72392e+09,0.346211,0.326895,0.326895
3.66438e+09,0.412197,0.293902,0.293902
3.60579e+09,0.477005,0.261497,0.261497
3.54813e+09,0.538574,0.230713,0.230713
3.4914e+09,0.595227,0.202387,0.202387
3.43558e+09,0.645739,0.177131,0.177131
3.38065e+09,0.689347,0.155327,0.155327
3.3266e+09,0.725719,0.13714,0.13714
3.27341e+09,0.754891,0.122554,0.122554
3.22107e+09,0.77718,0.11141,0.11141
3.16957e+09,0.793102,0.103449,0.103449
3.11889e+09,0.803313,0.0983436,0.0983436
3.06902e+09,0.808584,0.095708,0.095708
3.01995e+09,0.809819,0.0950905,0.0950905
2.97167e+09,0.808106,0.0959472,0.0959472
2.92415e+09,0.804777,0.0976115,0.0976115
2.8774e+09,0.801446,0.0992769,0.0992769
2.83139e+09,0.799973,0.100013,0.100013
2.78612e+09,0.802331,0.0988345,0.0988345
2.74157e+09,0.810349,0.0948254,0.0948254
2.69774e+09,0.825355,0.0873223,0.0873223
2.65461e+09,0.847765,0.0761175,0.0761175
2.61216e+09,0.876717,0.0616414,0.0616414
2.5704e+09,0.90987,0.0450651,0.0450651
2.5293e+09,0.943476,0.0282621,0.0282621
2.48886e+09,0.972815,0.0135923,0.0135923
2.44906e+09,0.992993,0.00350357,0.00350357
2.40991e+09,0.999992,3.7574e-06,3.7574e-06
2.37137e+09,0.991786,0.00410709,0.00410709
2.33346e+09,0.9692,0.0154001,0.0154001
2.29615e+09,0.936239,0.0318803,0.0318803
2.25944e+09,0.899636,0.0501818,0.0501818
2.22331e+09,0.867576,0.0662119,0.0662119
2.18776e+09,0.847797,0.0761015,0.0761015
2.15278e+09,0.84551,0.077245,0.077245
2.11836e+09,0.861752,0.0691242,0.0691242
2.08449e+09,0.892773,0.0536137,0.0536137
2.05116e+09,0.930837,0.0345817,0.0345817
2.01837e+09,0.966376,0.016812,0.016812
1.98609e+09,0.990938,0.00453095,0.00453095
1.95434e+09,0.999961,1.93025e-05,1.93025e-05
1.92309e+09,0.994316,0.00284206,0.00284206
1.89234e+09,0.97988,0.0100602,0.0100602
1.86209e+09,0.965136,0.0174321,0.0174321
1.83231e+09,0.957643,0.0211783,0.0211783
1.80302e+09,0.960855,0.0195724,0.0195724
1.77419e+09,0.972789,0.0136053,0.0136053
1.74582e+09,0.98732,0.00633998,0.00633998
1.71791e+09,0.997582,0.00120924,0.00120924
1.69044e+09,0.999774,0.000112822,0.000112822
1.66341e+09,0.995217,0.00239173,0.00239173
1.63682e+09,0.989271,0.0053645,0.0053645
1.61065e+09,0.98757,0.00621481,0.0062148
1.58489e+09,0.99182,0.00408978,0.00408978
1.55955e+09,0.998131,0.000934716,0.000934716
1.53462e+09,0.999515,0.000242615,0.000242615
1.51008e+09,0.991369,0.00431529,0.00431529
1.48594e+09,0.976122,0.011939,0.011939
1.46218e+09,0.962996,0.0185022,0.0185022
1.4388e+09,0.961858,0.0190711,0.0190711
1.41579e+09,0.974892,0.0125541,0.0125541
1.39316e+09,0.992756,0.0036221,0.0036221
1.37088e+09,0.999833,8.37305e-05,8.37305e-05
1.34896e+09,0.986316,0.00684183,0.00684183
1.32739e+09,0.95805,0.0209752,0.0209752
1.30617e+09,0.934615,0.0326924,0.0326924
1.28529e+09,0.934675,0.0326625,0.0326625
1.26474e+09,0.959401,0.0202993,0.0202993
1.24451e+09,0.989267,0.00536669,0.00536669
1.22462e+09,0.999746,0.000126791,0.000126791
1.20504e+09,0.983693,0.00815366,0.00815366
1.18577e+09,0.958945,0.0205274,0.0205274
1.16681e+09,0.951446,0.024277,0.024277
1.14815e+09,0.96892,0.0155402,0.0155402
1.1298e+09,0.992858,0.00357086,0.00357086
1.11173e+09,0.999367,0.000316749,0.000316749
1.09396e+09,0.98661,0.00669497,0.00669497
1.07647e+09,0.975901,0.0120497,0.0120497
1.05925e+09,0.983341,0.00832952,0.00832952
1.04232e+09,0.997797,0.00110155,0.00110155
1.02565e+09,0.996587,0.00170644,0.00170644
1.00925e+09,0.979777,0.0101115,0.0101115
9.93116e+08,0.972722,0.0136392,0.0136392
9.77237e+08,0.98761,0.00619508,0.00619508
9.61612e+08,0.999996,2.05518e-06,2.05518e-06
9.46237e+08,0.983609,0.00819539,0.00819539
9.31108e+08,0.956418,0.0217912,0.0217912
9.1622e+08,0.959291,0.0203545,0.0203545
9.01571e+08,0.989389,0.00530527,0.00530527
8.87156e+08,0.997856,0.00107178,0.00107178
8.72971e+08,0.96913,0.0154352,0.0154352
8.59014e+08,0.951763,0.0241186,0.0241186
8.45279e+08,0.97637,0.0118148,0.0118148
8.31764e+08,0.99984,7.97879e-05,7.97879e-05
8.18465e+08,0.984513,0.00774365,0.00774365
8.05378e+08,0.968561,0.0157195,0.0157195
7.92501e+08,0.98688,0.00656025,0.00656025
7.7983e+08,0.999521,0.000239307,0.000239307
7.67361e+08,0.980911,0.00954433,0.00954433
7.55092e+08,0.977748,0.0111258,0.0111258
7.43019e+08,0.998332,0.000833925,0.000833925
7.31139e+08,0.987549,0.00622531,0.00622531
7.19449e+08,0.963435,0.0182823,0.0182823
7.07946e+08,0.983848,0.00807606,0.00807606
6.96627e+08,0.99818,0.000910113,0.000910112
6.85488e+08,0.96424,0.0178799,0.0178799
6.74528e+08,0.963502,0.0182492,0.0182492
6.63743e+08,0.99832,0.000839852,0.000839852
6.53131e+08,0.98138,0.0093102,0.0093102
6.42688e+08,0.96557,0.0172152,0.0172152
6.32412e+08,0.996023,0.00198873,0.00198873
6.223e+08,0.987813,0.00609349,0.00609349
6.1235e+08,0.97493,0.0125352,0.0125352
6.0256e+08,0.999216,0.000392123,0.000392123
5.92925e+08,0.980056,0.00997193,0.00997193
5.83445e+08,0.975945,0.0120277,0.0120277
5.74116e+08,0.999723,0.000138663,0.000138663
5.64937e+08,0.965562,0.017219,0.017219
5.55904e+08,0.978057,0.0109715,0.0109715
5.47016e+08,0.99598,0.0020099,0.0020099
5.3827e+08,0.961289,0.0193556,0.0193556
5.29663e+08,0.992791,0.00360444,0.00360444
5.21195e+08,0.984351,0.00782469,0.00782469
5.12861e+08,0.977891,0.0110546,0.0110546
5.04661e+08,0.997992,0.00100402,0.00100402
4.96592e+08,0.971721,0.0141395,0.0141395
4.88652e+08,0.999377,0.000311387,0.000311387
4.80839e+08,0.969696,0.0151519,0.0151519
4.73151e+08,0.988264,0.00586777,0.00586777
4.65586e+08,0.981547,0.00922644,0.00922644
4.58142e+08,0.972048,0.0139758,0.0139758
4.50817e+08,0.995016,0.00249205,0.00249205
4.43609e+08,0.970052,0.0149738,0.0149738
4.36516e+08,0.998757,0.000621547,0.000621547
4.29536e+08,0.973092,0.0134542,0.0134542
4.22669e+08,0.998633,0.000683592,0.000683592
4.15911e+08,0.969298,0.0153512,0.0153512
4.09261e+08,0.998186,0.000906799,0.000906799
4.02717e+08,0.964199,0.0179003,0.0179003
3.96278e+08,0.997866,0.00106709,0.00106709
3.89942e+08,0.968452,0.0157738,0.0157738
3.83707e+08,0.994878,0.00256117,0.00256117
3.77572e+08,0.980548,0.00972609,0.00972609
3.71535e+08,0.984231,0.00788466,0.00788466
3.65595e+08,0.992851,0.00357432,0.00357432
3.59749e+08,0.967969,0.0160155,0.0160155
3.53997e+08,0.999901,4.92979e-05,4.92979e-05
3.48337e+08,0.965251,0.0173746,0.0173746
3.42768e+08,0.992826,0.00358688,0.00358688
3.37287e+08,0.986908,0.00654603,0.00654603
3.31894e+08,0.973703,0.0131484,0.0131484
3.26588e+08,0.999117,0.000441742,0.000441742
3.21366e+08,0.978047,0.0109764,0.0109764
3.16228e+08,0.972489,0.0137556,0.0137556
3.11172e+08,0.999957,2.13948e-05,2.13948e-05
3.06196e+08,0.974697,0.0126513,0.0126513
3.01301e+08,0.976831,0.0115844,0.0115844
2.96483e+08,0.99898,0.000510179,0.000510179
2.91743e+08,0.986983,0.0065086,0.0065086
2.87078e+08,0.965526,0.0172372,0.0172372
2.82488e+08,0.987092,0.00645389,0.00645389
2.77971e+08,0.99882,0.000590143,0.000590143
2.73527e+08,0.980411,0.00979461,0.00979461
2.69153e+08,0.970916,0.0145418,0.0145418
2.6485e+08,0.982135,0.00893232,0.00893232
2.60615e+08,0.998985,0.000507387,0.000507387
2.56448e+08,0.992498,0.00375081,0.00375081
2.52348e+08,0.975717,0.0121416,0.0121416
2.48313e+08,0.970866,0.0145668,0.0145668
2.44343e+08,0.975183,0.0124083,0.0124083
2.40436e+08,0.986805,0.00659772,0.00659772
2.36592e+08,0.99816,0.00092018,0.00092018
2.32809e+08,0.999304,0.000348234,0.000348234
2.29087e+08,0.994928,0.00253577,0.00253577
2.25424e+08,0.988897,0.00555164,0.00555164
2.2182e+08,0.980349,0.00982529,0.00982529
2.18273e+08,0.973553,0.0132235,0.0132235
2.14783e+08,0.972732,0.0136338,0.0136338
2.11349e+08,0.973466,0.0132672,0.0132672
2.0797e+08,0.971488,0.0142559,0.0142559
2.04644e+08,0.969493,0.0152536,0.0152536
2.01372e+08,0.971924,0.0140378,0.0140378
1.98153e+08,0.977616,0.0111922,0.0111922
1.94984e+08,0.983216,0.00839196,0.00839196
1.91867e+08,0.988992,0.00550379,0.00550379
1.88799e+08,0.995995,0.00200253,0.00200253
1.8578e+08,0.999999,4.52974e-07,4.52974e-07
1.8281e+08,0.99409,0.00295515,0.00295515
1.79887e+08,0.979684,0.0101581,0.0101581
1.77011e+08,0.969354,0.0153232,0.0153232
1.74181e+08,0.975441,0.0122795,0.0122795
1.71396e+08,0.993434,0.003283,0.003283
1.68655e+08,0.998772,0.0006141,0.0006141
1.65959e+08,0.980067,0.00996666,0.00996666
1.63305e+08,0.971891,0.0140544,0.0140544
1.60694e+08,0.994266,0.00286713,0.00286713
1.58125e+08,0.993059,0.00347027,0.00347027
1.55597e+08,0.9705,0.0147498,0.0147498
1.53109e+08,0.993143,0.00342838,0.00342838
1.50661e+08,0.98847,0.00576478,0.00576478
1.48252e+08,0.972907,0.0135466,0.0135466
1.45881e+08,0.999824,8.81799e-05,8.81799e-05
1.43549e+08,0.968263,0.0158684,0.0158684
1.41254e+08,0.997741,0.00112953,0.00112953
1.38995e+08,0.971556,0.0142221,0.0142221
1.36773e+08,0.997363,0.00131852,0.00131852
1.34586e+08,0.971197,0.0144014,0.0144014
1.32434e+08,0.999962,1.91056e-05,1.91056e-05
1.30317e+08,0.970217,0.0148916,0.0148916
1.28233e+08,0.989894,0.00505299,0.00505299
1.26183e+08,0.992576,0.00371202,0.00371202
1.24165e+08,0.969017,0.0154913,0.0154913
1.2218e+08,0.990306,0.00484695,0.00484695
1.20226e+08,0.997165,0.00141733,0.00141733
1.18304e+08,0.976018,0.0119908,0.0119908
1.16413e+08,0.970144,0.0149278,0.0149278
1.14551e+08,0.987369,0.0063155,0.0063155
1.1272e+08,0.998865,0.000567417,0.000567417
1.10917e+08,0.997873,0.00106342,0.00106342
1.09144e+08,0.990619,0.00469052,0.00469052
1.07399e+08,0.982664,0.00866809,0.00866809
1.05682e+08,0.978735,0.0106325,0.0106325
1.03992e+08,0.97748,0.0112601,0.0112601
1.02329e+08,0.978511,0.0107443,0.0107443
1.00693e+08,0.984223,0.00788844,0.00788844
9.90832e+07,0.990988,0.00450615,0.00450615
9.7499e+07,0.999148,0.000425878,0.000425878
9.59401e+07,0.997611,0.00119439,0.00119439
9.44061e+07,0.981541,0.00922937,0.00922937
9.28966e+07,0.968795,0.0156025,0.0156025
9.14113e+07,0.986374,0.00681322,0.00681322
8.99498e+07,0.999159,0.000420559,0.000420559
8.85116e+07,0.972618,0.0136908,0.0136908
8.70964e+07,0.985252,0.00737397,0.00737397
8.57038e+07,0.99164,0.00418007,0.00418007
8.43335e+07,0.973608,0.0131958,0.0131958
8.29851e+07,0.996545,0.00172725,0.00172725
8.16582e+07,0.975154,0.0124232,0.0124232
8.03526e+07,0.989023,0.00548862,0.00548862
7.90679e+07,0.991183,0.0044086,0.0044086
7.78037e+07,0.969862,0.0150689,0.0150689
7.65597e+07,0.992079,0.00396053,0.00396053
7.53356e+07,0.997483,0.00125873,0.00125873
7.4131e+07,0.978551,0.0107244,0.0107244
7.29458e+07,0.969426,0.0152869,0.0152869
7.17794e+07,0.973111,0.0134445,0.0134445
7.06318e+07,0.97784,0.0110802,0.0110802
6.95024e+07,0.980344,0.00982794,0.00982794
6.83912e+07,0.979562,0.0102189,0.0102189
6.72977e+07,0.97348,0.0132602,0.0132602
6.62217e+07,0.969021,0.0154897,0.0154897
6.51628e+07,0.977497,0.0112516,0.0112516
6.4121e+07,0.995991,0.00200429,0.00200429
6.30957e+07,0.993063,0.00346863,0.00346863
6.20869e+07,0.969344,0.0153282,0.0153282
6.10942e+07,0.994801,0.00259951,0.00259951
6.01174e+07,0.980781,0.00960933,0.00960933
5.91562e+07,0.987852,0.00607387,0.00607387
5.82103e+07,0.976573,0.0117133,0.0117133
5.72796e+07,0.99897,0.000515061,0.000515061
5.63638e+07,0.973004,0.0134979,0.0134979
5.54626e+07,0.978387,0.0108063,0.0108063
5.45758e+07,0.996855,0.0015725,0.0015725
5.37032e+07,0.999228,0.000385996,0.000385996
5.28445e+07,0.994241,0.0028796,0.0028796
5.19996e+07,0.992014,0.00399307,0.00399307
5.11682e+07,0.994902,0.00254889,0.00254889
5.03501e+07,0.999684,0.000158022,0.000158022
4.9545e+07,0.994876,0.00256199,0.00256199
4.87528e+07,0.974566,0.0127169,0.0127169
4.79733e+07,0.977896,0.0110521,0.0110521
4.72063e+07,0.999358,0.000320834,0.000320834
4.64515e+07,0.969855,0.0150723,0.0150723
4.57088e+07,0.999978,1.09969e-05,1.09969e-05
4.4978e+07,0.972526,0.0137369,0.0137369
4.42588e+07,0.983405,0.00829773,0.00829773
4.35512e+07,0.999994,3.23141e-06,3.23141e-06
4.28549e+07,0.991282,0.00435903,0.00435903
4.21697e+07,0.981326,0.00933718,0.00933718
4.14954e+07,0.979085,0.0104576,0.0104576
4.08319e+07,0.984563,0.00771833,0.00771833
4.01791e+07,0.996381,0.00180966,0.00180966
3.95367e+07,0.996454,0.00177313,0.00177313
3.89045e+07,0.971333,0.0143333,0.0143333
3.82825e+07,0.990199,0.00490054,0.00490054
3.76704e+07,0.981212,0.00939407,0.00939407
3.70681e+07,0.994673,0.00266337,0.00266337
3.64754e+07,0.969532,0.0152338,0.0152338
3.58922e+07,0.982609,0.00869563,0.00869563
3.53183e+07,0.995968,0.0020161,0.0020161
3.47536e+07,0.998856,0.000572028,0.000572028
3.41979e+07,0.997303,0.00134864,0.00134864
3.36512e+07,0.986436,0.00678222,0.00678222
3.31131e+07,0.969606,0.0151972,0.0151972
3.25837e+07,0.990013,0.00499351,0.00499351
3.20627e+07,0.985117,0.00744133,0.00744133
3.155e+07,0.98846,0.00577018,0.00577018
3.10456e+07,0.970484,0.0147578,0.0147578
3.05492e+07,0.989885,0.00505775,0.00505775
3.00608e+07,0.998689,0.00065531,0.00065531
2.95801e+07,0.999365,0.000317712,0.000317712
2.91072e+07,0.994614,0.00269299,0.00269299
2.86418e+07,0.975912,0.0120441,0.0120441
2.81838e+07,0.977987,0.0110063,0.0110063
2.77332e+07,0.996037,0.00198155,0.00198155
2.72898e+07,0.978734,0.0106328,0.0106328
2.68534e+07,0.974404,0.012798,0.012798
2.64241e+07,0.990877,0.00456171,0.00456171
2.60016e+07,0.995478,0.00226092,0.00226092
2.55859e+07,0.989737,0.0051317,0.0051317
2.51768e+07,0.972551,0.0137244,0.0137244
2.47742e+07,0.983204,0.00839822,0.00839822
2.43781e+07,0.989431,0.00528462,0.00528462
2.39883e+07,0.99034,0.00483009,0.00483009
2.36048e+07,0.970793,0.0146034,0.0146034
2.32274e+07,0.970812,0.0145941,0.0145941
2.2856e+07,0.969998,0.0150012,0.0150012
2.24905e+07,0.976628,0.011686,0.011686
2.21309e+07,0.999952,2.37737e-05,2.37737e-05
2.17771e+07,0.969815,0.0150926,0.0150926
2.14289e+07,0.997015,0.0014923,0.0014923
2.10863e+07,0.996726,0.00163695,0.00163695
2.07491e+07,0.993423,0.00328863,0.00328863
2.04174e+07,0.999458,0.000271033,0.000271033
2.00909e+07,0.986517,0.00674165,0.00674165
1.97697e+07,0.978332,0.0108338,0.0108338
1.94536e+07,0.98094,0.00952985,0.00952985
1.91426e+07,0.998318,0.000841076,0.000841076
1.88365e+07,0.999576,0.000212223,0.000212223
1.85353e+07,0.991684,0.00415816,0.00415816
1.8239e+07,0.969559,0.0152203,0.0152203
1.79473e+07,1,2.47946e-07,2.47946e-07
1.76604e+07,0.979379,0.0103106,0.0103106
1.7378e+07,0.971136,0.0144318,0.0144318
1.71002e+07,0.975821,0.0120897,0.0120897
1.68267e+07,0.997984,0.00100807,0.00100807
1.65577e+07,0.973529,0.0132354,0.0132354
1.6293e+07,0.99901,0.000495215,0.000495215
1.60325e+07,0.998797,0.000601632,0.000601632
1.57761e+07,0.999831,8.44617e-05,8.44617e-05
1.55239e+07,0.978018,0.0109911,0.0109911
1.52757e+07,0.99292,0.00354014,0.00354014
1.50314e+07,0.971388,0.0143062,0.0143062
1.47911e+07,0.970211,0.0148944,0.0148944
1.45546e+07,0.982193,0.00890366,0.00890366
1.43219e+07,0.994704,0.00264807,0.00264807
1.40929e+07,0.988297,0.00585159,0.00585159
1.38676e+07,0.978182,0.010909,0.010909
1.36458e+07,0.990065,0.00496765,0.00496765
1.34276e+07,0.991159,0.0044207,0.0044207
1.3213e+07,0.990276,0.00486212,0.00486212
1.30017e+07,0.979293,0.0103534,0.0103534
1.27938e+07,0.991833,0.00408335,0.00408335
1.25893e+07,0.987005,0.00649748,0.00649748
1.2388e+07,0.996789,0.00160535,0.00160535
1.21899e+07,0.992325,0.00383767,0.00383767
1.1995e+07,0.999427,0.000286321,0.000286321
1.18032e+07,0.970266,0.0148672,0.0148672
1.16145e+07,0.979115,0.0104426,0.0104426
1.14288e+07,0.974016,0.012992,0.012992
1.1246e+07,0.983812,0.00809405,0.00809405
1.10662e+07,0.972827,0.0135866,0.0135866
1.08893e+07,0.975583,0.0122087,0.0122087
1.07152e+07,0.97427,0.0128648,0.0128648
1.05439e+07,0.988951,0.00552474,0.00552474
1.03753e+07,0.996754,0.00162297,0.00162297
1.02094e+07,0.977619,0.0111906,0.0111906
1.00462e+07,0.996032,0.00198416,0.00198416
9.88553e+06,0.986573,0.00671331,0.00671331
9.72747e+06,0.999981,9.33441e-06,9.33441e-06
9.57194e+06,0.970893,0.0145534,0.0145534
9.4189e+06,0.969827,0.0150864,0.0150864
9.2683e+06,0.98578,0.00710985,0.00710985
9.12011e+06,0.972807,0.0135964,0.0135964
8.97429e+06,0.97246,0.0137702,0.0137702
8.8308e+06,0.988259,0.00587066,0.00587066
8.6896e+06,0.970384,0.0148081,0.0148081
8.55067e+06,0.979582,0.0102089,0.0102089
8.41395e+06,0.98674,0.00662996,0.00662996
8.27942e+06,0.992279,0.00386061,0.00386061
8.14704e+06,0.969883,0.0150583,0.0150583
8.01678e+06,0.983491,0.00825457,0.00825457
7.8886e+06,0.970976,0.014512,0.014512
7.76247e+06,0.999612,0.000193974,0.000193974
7.63836e+06,0.998693,0.000653655,0.000653655
7.51623e+06,0.970199,0.0149004,0.0149004
7.39605e+06,0.970424,0.0147881,0.0147881
7.2778e+06,0.991489,0.00425554,0.00425554
7.16143e+06,0.976141,0.0119294,0.0119294
7.04693e+06,0.9993,0.000350031,0.000350031
6.93426e+06,0.982647,0.00867642,0.00867642
6.82339e+06,0.999929,3.55203e-05,3.55203e-05
6.71429e+06,0.983477,0.00826155,0.00826155
6.60693e+06,0.999934,3.28163e-05,3.28163e-05
6.5013e+06,0.984292,0.00785392,0.00785392
6.39735e+06,0.999909,4.55443e-05,4.55443e-05
6.29506e+06,0.990921,0.00453942,0.00453942
6.19441e+06,0.994001,0.00299965,0.00299965
6.09537e+06,0.999887,5.67356e-05,5.67356e-05
5.99791e+06,0.970773,0.0146137,0.0146137
5.90201e+06,0.971419,0.0142905,0.0142905
5.80764e+06,0.999831,8.42921e-05,8.42921e-05
5.71479e+06,0.996841,0.00157944,0.00157944
5.62341e+06,0.991418,0.00429115,0.00429115
5.5335e+06,0.995036,0.00248176,0.00248176
5.44503e+06,0.999209,0.000395516,0.000395516
5.35797e+06,0.972006,0.0139972,0.0139972
5.2723e+06,0.984617,0.00769166,0.00769166
5.188e+06,0.970405,0.0147975,0.0147975
5.10505e+06,0.999957,2.17391e-05,2.17391e-05
5.02343e+06,0.9977,0.00115019,0.00115019
4.94311e+06,0.994339,0.00283034,0.00283034
4.86407e+06,0.979764,0.0101178,0.0101178
4.7863e+06,0.970814,0.014593,0.014593
4.70977e+06,0.982061,0.00896955,0.00896955
4.63447e+06,0.992253,0.0038734,0.0038734
4.56037e+06,0.996826,0.00158709,0.00158709
4.48745e+06,0.996242,0.00187889,0.00187889
4.4157e+06,0.995411,0.00229467,0.00229467
4.3451e+06,0.973299,0.0133507,0.0133507
4.27563e+06,0.978432,0.0107842,0.0107842
4.20727e+06,0.985223,0.00738848,0.00738848
4.14e+06,0.974191,0.0129046,0.0129046
4.0738e+06,0.979696,0.0101521,0.0101521
4.00867e+06,0.990593,0.00470331,0.00470331
3.94457e+06,0.993487,0.00325674,0.00325674
3.8815e+06,0.976309,0.0118454,0.0118454
3.81944e+06,0.97253,0.0137352,0.0137352
3.75837e+06,0.976926,0.011537,0.011537
3.69828e+06,0.992468,0.00376619,0.00376619
3.63915e+06,0.997207,0.00139635,0.00139635
3.58096e+06,0.970837,0.0145815,0.0145815
3.52371e+06,0.993594,0.00320315,0.00320315
3.46737e+06,0.980087,0.00995657,0.00995657
3.41193e+06,0.988501,0.00574938,0.00574938
3.35738e+06,0.981021,0.00948948,0.00948948
3.3037e+06,0.989179,0.00541046,0.00541046
3.25087e+06,0.981679,0.00916034,0.00916034
3.1989e+06,0.984048,0.00797593,0.00797593
3.14775e+06,0.993875,0.00306257,0.00306257
3.09742e+06,0.969851,0.0150747,0.0150747
3.04789e+06,0.984905,0.00754736,0.00754736
2.99916e+06,0.997558,0.00122081,0.00122081
2.95121e+06,0.999199,0.00040034,0.00040034
2.90402e+06,0.993846,0.00307691,0.00307691
2.85759e+06,0.972626,0.0136869,0.0136869
2.8119e+06,0.991994,0.00400276,0.00400276
2.76694e+06,0.970657,0.0146716,0.0146716
2.7227e+06,0.982184,0.00890779,0.00890779
2.67917e+06,0.976595,0.0117025,0.0117025
2.63633e+06,0.976766,0.0116171,0.0116171
2.59418e+06,0.985112,0.00744385,0.00744385
2.5527e+06,0.99525,0.00237488,0.00237488
2.51189e+06,0.977979,0.0110104,0.0110104
2.47172e+06,0.994369,0.00281544,0.00281544
2.4322e+06,0.984618,0.00769098,0.00769098
2.39332e+06,0.999931,3.45013e-05,3.45013e-05
2.35505e+06,0.978956,0.0105222,0.0105222
2.31739e+06,0.987741,0.00612957,0.00612957
2.28034e+06,0.978297,0.0108514,0.0108514
2.24388e+06,0.977173,0.0114134,0.0114134
2.208e+06,0.993354,0.00332281,0.00332281
2.1727e+06,0.99541,0.00229523,0.00229523
2.13796e+06,0.970732,0.0146339,0.0146339
2.10378e+06,0.971968,0.0140158,0.0140158
2.07014e+06,0.978341,0.0108294,0.0108294
2.03704e+06,0.978351,0.0108246,0.0108246
2.00447e+06,0.978632,0.010684,0.010684
1.97242e+06,0.975391,0.0123047,0.0123047
1.94089e+06,0.983662,0.00816915,0.00816915
1.90985e+06,0.993248,0.003376,0.003376
1.87932e+06,0.980813,0.00959351,0.00959351
1.84927e+06,0.975728,0.0121361,0.0121361
1.8197e+06,0.99105,0.00447521,0.00447521
1.79061e+06,0.995744,0.00212808,0.00212808
1.76198e+06,0.980057,0.00997126,0.00997126
1.7338e+06,0.973559,0.0132205,0.0132205
1.70608e+06,0.972489,0.0137554,0.0137554
1.6788e+06,0.97335,0.0133252,0.0133252
1.65196e+06,0.974454,0.0127729,0.0127729
1.62555e+06,0.973524,0.0132378,0.0132378
1.59956e+06,0.970227,0.0148864,0.0148864
1.57398e+06,0.975232,0.0123838,0.0123838
1.54882e+06,0.99913,0.000434852,0.000434852
1.52405e+06,0.971764,0.0141181,0.0141181
1.49968e+06,0.997534,0.00123313,0.00123313
1.47571e+06,0.999997,1.63322e-06,1.63322e-06
1.45211e+06,0.990681,0.00465969,0.00465969
1.42889e+06,0.978692,0.0106541,0.0106541
1.40605e+06,0.970006,0.0149969,0.0149969
1.38357e+06,0.985216,0.00739214,0.00739214
1.36144e+06,0.972368,0.0138159,0.0138159
1.33968e+06,0.969992,0.015004,0.015004
1.31826e+06,0.994149,0.00292569,0.00292569
1.29718e+06,0.979225,0.0103875,0.0103875
1.27644e+06,0.998781,0.00060973,0.00060973
1.25603e+06,0.970721,0.0146393,0.0146393
1.23595e+06,0.969833,0.0150835,0.0150835
1.21619e+06,0.983614,0.00819278,0.00819278
1.19674e+06,0.988553,0.00572345,0.00572345
1.17761e+06,0.996122,0.001939,0.001939
1.15878e+06,0.980819,0.0095905,0.0095905
1.14025e+06,0.974879,0.0125605,0.0125605
1.12202e+06,0.973918,0.0130408,0.0130408
1.10408e+06,0.973632,0.0131838,0.0131838
1.08643e+06,0.971376,0.014312,0.014312
1.06905e+06,0.970848,0.0145758,0.0145758
1.05196e+06,0.991957,0.00402165,0.00402165
1.03514e+06,0.981596,0.00920183,0.00920183
1.01859e+06,0.999927,3.63636e-05,3.63636e-05
1.00231e+06,0.999843,7.85832e-05,7.85832e-05
986279,0.978782,0.0106091,0.0106091
970510,0.999014,0.000493129,0.000493129
954993,0.984364,0.00781806,0.00781806
939723,0.999673,0.000163407,0.000163407
924698,0.985136,0.00743175,0.00743175
909913,0.993263,0.00336858,0.00336858
895365,0.985167,0.00741663,0.00741663
881049,0.99737,0.00131495,0.00131495
866962,0.9853,0.00735018,0.00735018
853100,0.983388,0.0083061,0.0083061
839460,0.987846,0.00607713,0.00607713
826038,0.992345,0.00382751,0.00382751
812831,0.991467,0.00426655,0.00426655
799834,0.978814,0.0105932,0.0105932
787046,0.975946,0.0120272,0.0120272
774462,0.985553,0.00722367,0.00722367
762079,0.992188,0.0039061,0.0039061
749894,0.96984,0.0150802,0.0150802
737904,0.98015,0.00992489,0.00992489
726106,0.976072,0.0119642,0.0119642
714496,0.973896,0.0130521,0.0130521
703072,0.981711,0.0091446,0.0091446
691831,0.982133,0.0089333,0.0089333
680769,0.99999,5.09898e-06,5.09898e-06
669885,0.987802,0.00609881,0.00609881
659174,0.970865,0.0145673,0.0145673
648634,0.9851,0.00745015,0.00745015
638263,0.986339,0.00683039,0.00683039
628058,0.999805,9.76741e-05,9.76741e-05
618016,0.999102,0.000448759,0.000448759
608135,0.971059,0.0144703,0.0144703
598412,0.972207,0.0138967,0.0138967
588844,0.987521,0.00623932,0.00623932
579429,0.970636,0.0146819,0.0146819
570164,0.977746,0.0111272,0.0111272
561048,0.978018,0.0109912,0.0109912
552077,0.976611,0.0116943,0.0116943
543250,0.981784,0.00910822,0.00910822
534564,0.999309,0.000345454,0.000345454
526017,0.97026,0.0148698,0.0148698
517607,0.975978,0.0120112,0.0120112
509331,0.982198,0.00890124,0.00890124
501187,0.978318,0.0108409,0.0108409
493174,0.977795,0.0111026,0.0111026
485289,0.987878,0.00606095,0.00606095
477529,0.993973,0.0030133,0.0030133
469894,0.970294,0.0148532,0.0148532
462381,0.998565,0.000717346,0.000717346
454988,0.994279,0.00286061,0.00286061
447713,0.999918,4.08915e-05,4.08915e-05
440555,0.977646,0.0111771,0.0111771
433511,0.998874,0.000563233,0.000563233
426580,0.99911,0.000444961,0.000444961
419759,0.991045,0.0044774,0.0044774
413048,0.978527,0.0107363,0.0107363
406443,0.977341,0.0113293,0.0113293
399945,0.997453,0.00127339,0.00127339
393550,0.970196,0.0149022,0.0149022
387258,0.979112,0.0104442,0.0104442
381066,0.969845,0.0150774,0.0150774
374973,0.995758,0.00212087,0.00212087
368978,0.979264,0.010368,0.010368
363078,0.97626,0.0118702,0.0118702
357273,0.985302,0.00734892,0.00734892
351560,0.970202,0.0148989,0.0148989
345939,0.974878,0.0125608,0.0125608
340408,0.996843,0.00157833,0.00157833
334965,0.982143,0.00892843,0.00892843
329610,0.978447,0.0107764,0.0107764
324340,0.984226,0.0078869,0.0078869
319154,0.991432,0.00428386,0.00428386
314051,0.973433,0.0132834,0.0132834
309030,0.982821,0.0085893,0.0085893
304089,0.980209,0.0098956,0.0098956
299226,0.980574,0.00971316,0.00971316
294442,0.998096,0.00095195,0.00095195
289734,0.970089,0.0149555,0.0149555
285102,0.981838,0.00908105,0.00908105
280543,0.977896,0.0110518,0.0110518
276058,0.972031,0.0139845,0.0139845
271644,0.976318,0.0118408,0.0118408
267301,0.998563,0.000718264,0.000718264
263027,0.999584,0.000207876,0.000207876
258821,0.985828,0.00708624,0.00708624
254683,0.970779,0.0146107,0.0146107
250611,0.980243,0.0098786,0.0098786
246604,0.970401,0.0147993,0.0147993
242661,0.973258,0.0133708,0.0133708
238781,0.998825,0.000587398,0.000587398
234963,0.988259,0.0058705,0.0058705
231206,0.988292,0.00585409,0.00585409
227510,0.980596,0.00970225,0.00970225
223872,0.970663,0.0146684,0.0146684
220293,0.989074,0.00546286,0.00546286
216770,0.983494,0.00825289,0.00825289
213304,0.988466,0.00576697,0.00576697
209894,0.996371,0.00181445,0.00181445
