1e+12,0.999996,2.10788e-06,2.10788e-06
9.84011e+11,0.999996,2.17533e-06,2.17533e-06
9.68278e+11,0.999996,2.2449e-06,2.2449e-06
9.52796e+11,0.999995,2.31666e-06,2.31666e-06
9.37562e+11,0.999995,2.39069e-06,2.39069e-06
9.22571e+11,0.999995,2.46704e-06,2.46704e-06
9.07821e+11,0.999995,2.5458e-06,2.5458e-06
8.93305e+11,0.999995,2.62704e-06,2.62704e-06
8.79023e+11,0.999995,2.71082e-06,2.71082e-06
8.64968e+11,0.999994,2.79723e-06,2.79723e-06
8.51138e+11,0.999994,2.88635e-06,2.88635e-06
8.37529e+11,0.999994,2.97827e-06,2.97827e-06
8.24138e+11,0.999994,3.07305e-06,3.07305e-06
8.10961e+11,0.999994,3.17081e-06,3.17081e-06
7.97995e+11,0.999993,3.27161e-06,3.27161e-06
7.85236e+11,0.999993,3.37557e-06,3.37557e-06
7.72681e+11,0.999993,3.48276e-06,3.48276e-06
7.60326e+11,0.999993,3.59329e-06,3.59329e-06
7.4817e+11,0.999993,3.70726e-06,3.70726e-06
7.36207e+11,0.999992,3.82477e-06,3.82477e-06
7.24436e+11,0.999992,3.94593e-06,3.94593e-06
7.12853e+11,0.999992,4.07085e-06,4.07085e-06
7.01455e+11,0.999992,4.19964e-06,4.19964e-06
6.9024e+11,0.999991,4.33241e-06,4.33241e-06
6.79204e+11,0.999991,4.46929e-06,4.46929e-06
6.68344e+11,0.999991,4.61039e-06,4.61039e-06
6.57658e+11,0.99999,4.75585e-06,4.75585e-06
6.47143e+11,0.99999,4.90578e-06,4.90578e-06
6.36796e+11,0.99999,5.06032e-06,5.06032e-06
6.26614e+11,0.99999,5.21961e-06,5.21961e-06
6.16595e+11,0.999989,5.38379e-06,5.38379e-06
6.06736e+11,0.999989,5.55299e-06,5.55299e-06
5.97035e+11,0.999989,5.72737e-06,5.72737e-06
5.87489e+11,0.999988,5.90707e-06,5.90707e-06
5.78096e+11,0.999988,6.09226e-06,6.09226e-06
5.68853e+11,0.999987,6.28308e-06,6.28308e-06
5.59758e+11,0.999987,6.4797e-06,6.4797e-06
5.50808e+11,0.999987,6.68229e-06,6.68229e-06
5.42001e+11,0.999986,6.89102e-06,6.89102e-06
5.33335e+11,0.999986,7.10606e-06,7.10606e-06
5.24807e+11,0.999985,7.3276e-06,7.3276e-06
5.16416e+11,0.999985,7.55581e-06,7.55581e-06
5.08159e+11,0.999984,7.79089e-06,7.79089e-06
5.00035e+11,0.999984,8.03303e-06,8.03303e-06
4.9204e+11,0.999983,8.28243e-06,8.28243e-06
4.84172e+11,0.999983,8.53928e-06,8.53928e-06
4.76431e+11,0.999982,8.80381e-06,8.80381e-06
4.68813e+11,0.999982,9.07621e-06,9.07621e-06
4.61318e+11,0.999981,9.35671e-06,9.35671e-06
4.53942e+11,0.999981,9.64553e-06,9.64553e-06
4.46684e+11,0.99998,9.94289e-06,9.94289e-06
4.39542e+11,0.99998,1.0249e-05,1.0249e-05
4.32514e+11,0.999979,1.05642e-05,1.05642e-05
4.25598e+11,0.999978,1.08886e-05,1.08886e-05
4.18794e+11,0.999978,1.12225e-05,1.12225e-05
4.12098e+11,0.999977,1.15662e-05,1.15662e-05
4.05509e+11,0.999976,1.19199e-05,1.19199e-05
3.99025e+11,0.999975,1.22839e-05,1.22839e-05
3.92645e+11,0.999975,1.26584e-05,1.26584e-05
3.86367e+11,0.999974,1.30438e-05,1.30438e-05
3.80189e+11,0.999973,1.34402e-05,1.34402e-05
3.74111e+11,0.999972,1.38481e-05,1.38481e-05
3.68129e+11,0.999971,1.42676e-05,1.42676e-05
3.62243e+11,0.999971,1.46991e-05,1.46991e-05
3.56451e+11,0.99997,1.51428e-05,1.51428e-05
3.50752e+11,0.999969,1.55991e-05,1.55991e-05
3.45144e+11,0.999968,1.60684e-05,1.60684e-05
3.39625e+11,0.999967,1.65508e-05,1.65508e-05
3.34195e+11,0.999966,1.70467e-05,1.70467e-05
3.28852e+11,0.999965,1.75564e-05,1.75564e-05
3.23594e+11,0.999964,1.80803e-05,1.80803e-05
3.1842e+11,0.999963,1.86188e-05,1.86188e-05
3.13329e+11,0.999962,1.9172e-05,1.9172e-05
3.08319e+11,0.999961,1.97404e-05,1.97404e-05
3.03389e+11,0.999959,2.03243e-05,2.03243e-05
2.98538e+11,0.999958,2.09241e-05,2.09241e-05
2.93765e+11,0.999957,2.15401e-05,2.15401e-05
2.89068e+11,0.999956,2.21726e-05,2.21726e-05
2.84446e+11,0.999954,2.28221e-05,2.28221e-05
2.79898e+11,0.999953,2.34888e-05,2.34888e-05
2.75423e+11,0.999952,2.41731e-05,2.41731e-05
2.71019e+11,0.99995,2.48754e-05,2.48754e-05
2.66686e+11,0.999949,2.55961e-05,2.55961e-05
2.62422e+11,0.999947,2.63354e-05,2.63354e-05
2.58226e+11,0.999946,2.70937e-05,2.70937e-05
2.54097e+11,0.999944,2.78715e-05,2.78715e-05
2.50035e+11,0.999943,2.8669e-05,2.8669e-05
2.46037e+11,0.999941,2.94866e-05,2.94866e-05
2.42103e+11,0.999939,3.03246e-05,3.03246e-05
2.38232e+11,0.999938,3.11834e-05,3.11834e-05
2.34423e+11,0.999936,3.20633e-05,3.20633e-05
2.30675e+11,0.999934,3.29646e-05,3.29646e-05
2.26986e+11,0.999932,3.38877e-05,3.38877e-05
2.23357e+11,0.99993,3.48328e-05,3.48328e-05
2.19786e+11,0.999928,3.58002e-05,3.58002e-05
2.16272e+11,0.999926,3.67903e-05,3.67903e-05
2.12814e+11,0.999924,3.78033e-05,3.78033e-05
2.09411e+11,0.999922,3.88395e-05,3.88395e-05
2.06063e+11,0.99992,3.9899e-05,3.9899e-05
2.02768e+11,0.999918,4.09821e-05,4.09821e-05
1.99526e+11,0.999916,4.20891e-05,4.20891e-05
1.96336e+11,0.999914,4.322e-05,4.322e-05
1.93197e+11,0.999911,4.43751e-05,4.43751e-05
1.90108e+11,0.999909,4.55545e-05,4.55545e-05
1.87068e+11,0.999906,4.67582e-05,4.67582e-05
1.84077e+11,0.999904,4.79863e-05,4.79863e-05
1.81134e+11,0.999902,4.92388e-05,4.92388e-05
1.78238e+11,0.999899,5.05159e-05,5.05159e-05
1.75388e+11,0.999896,5.18172e-05,5.18172e-05
1.72584e+11,0.999894,5.31429e-05,5.31429e-05
1.69824e+11,0.999891,5.44928e-05,5.44928e-05
1.67109e+11,0.999888,5.58666e-05,5.58666e-05
1.64437e+11,0.999885,5.72642e-05,5.72642e-05
1.61808e+11,0.999883,5.86851e-05,5.86851e-05
1.59221e+11,0.99988,6.01291e-05,6.01291e-05
1.56675e+11,0.999877,6.15958e-05,6.15958e-05
1.5417e+11,0.999874,6.30846e-05,6.30846e-05
1.51705e+11,0.999871,6.45949e-05,6.45949e-05
1.49279e+11,0.999868,6.61262e-05,6.61262e-05
1.46893e+11,0.999865,6.76776e-05,6.76776e-05
1.44544e+11,0.999862,6.92483e-05,6.92483e-05
1.42233e+11,0.999858,7.08374e-05,7.08374e-05
1.39959e+11,0.999855,7.24439e-05,7.24439e-05
1.37721e+11,0.999852,7.40667e-05,7.40667e-05
1.35519e+11,0.999849,7.57044e-05,7.57044e-05
1.33352e+11,0.999845,7.73558e-05,7.73558e-05
1.3122e+11,0.999842,7.90193e-05,7.90193e-05
1.29122e+11,0.999839,8.06933e-05,8.06933e-05
1.27057e+11,0.999835,8.23761e-05,8.23761e-05
1.25026e+11,0.999832,8.40657e-05,8.40657e-05
1.23027e+11,0.999828,8.57601e-05,8.57601e-05
1.2106e+11,0.999825,8.7457e-05,8.7457e-05
1.19124e+11,0.999822,8.9154e-05,8.9154e-05
1.1722e+11,0.999818,9.08487e-05,9.08487e-05
1.15345e+11,0.999815,9.25381e-05,9.25381e-05
1.13501e+11,0.999812,9.42195e-05,9.42195e-05
1.11686e+11,0.999808,9.58895e-05,9.58895e-05
1.09901e+11,0.999805,9.7545e-05,9.7545e-05
1.08143e+11,0.999802,9.91822e-05,9.91822e-05
1.06414e+11,0.999798,0.000100798,0.000100798
1.04713e+11,0.999795,0.000102387,0.000102387
1.03039e+11,0.999792,0.000103946,0.000103946
1.01391e+11,0.999789,0.00010547,0.00010547
9.977e+10,0.999786,0.000106955,0.000106955
9.81748e+10,0.999783,0.000108396,0.000108396
9.66051e+10,0.99978,0.000109786,0.000109786
9.50605e+10,0.999778,0.000111122,0.000111122
9.35406e+10,0.999775,0.000112396,0.000112396
9.2045e+10,0.999773,0.000113604,0.000113604
9.05733e+10,0.999771,0.000114738,0.000114738
8.91251e+10,0.999768,0.000115793,0.000115793
8.77001e+10,0.999766,0.000116761,0.000116761
8.62979e+10,0.999765,0.000117635,0.000117635
8.4918e+10,0.999763,0.000118408,0.000118408
8.35603e+10,0.999762,0.000119072,0.000119072
8.22243e+10,0.999761,0.00011962,0.00011962
8.09096e+10,0.99976,0.000120044,0.000120044
7.96159e+10,0.999759,0.000120335,0.000120335
7.8343e+10,0.999759,0.000120485,0.000120485
7.70903e+10,0.999759,0.000120486,0.000120486
7.58578e+10,0.999759,0.00012033,0.00012033
7.46449e+10,0.99976,0.000120007,0.000120007
7.34514e+10,0.999761,0.000119509,0.000119509
7.2277e+10,0.999762,0.000118827,0.000118827
7.11214e+10,0.999764,0.000117953,0.000117953
6.99842e+10,0.999766,0.00011688,0.00011688
6.88652e+10,0.999769,0.000115598,0.000115598
6.77642e+10,0.999772,0.0001141,0.0001141
6.66807e+10,0.999775,0.000112379,0.000112379
6.56145e+10,0.999779,0.000110429,0.000110429
6.45654e+10,0.999784,0.000108243,0.000108243
6.35331e+10,0.999788,0.000105816,0.000105816
6.25173e+10,0.999794,0.000103146,0.000103146
6.15177e+10,0.9998,0.000100227,0.000100227
6.05341e+10,0.999806,9.70603e-05,9.70603e-05
5.95662e+10,0.999813,9.36446e-05,9.36446e-05
5.86138e+10,0.99982,8.99825e-05,8.99825e-05
5.76766e+10,0.999828,8.6078e-05,8.6078e-05
5.67545e+10,0.999836,8.19378e-05,8.19378e-05
5.5847e+10,0.999845,7.75712e-05,7.75712e-05
5.49541e+10,0.999854,7.29908e-05,7.29908e-05
5.40754e+10,0.999864,6.82126e-05,6.82126e-05
5.32108e+10,0.999873,6.32566e-05,6.32566e-05
5.236e+10,0.999884,5.8147e-05,5.8147e-05
5.15229e+10,0.999894,5.29133e-05,5.29133e-05
5.06991e+10,0.999905,4.75903e-05,4.75903e-05
4.98884e+10,0.999916,4.22188e-05,4.22188e-05
4.90908e+10,0.999926,3.68465e-05,3.68465e-05
4.83059e+10,0.999937,3.15285e-05,3.15285e-05
4.75335e+10,0.999947,2.63282e-05,2.63282e-05
4.67735e+10,0.999957,2.1318e-05,2.1318e-05
4.60257e+10,0.999967,1.65803e-05,1.65803e-05
4.52898e+10,0.999976,1.22085e-05,1.22085e-05
4.45656e+10,0.999983,8.30775e-06,8.30775e-06
4.38531e+10,0.99999,4.9965e-06,4.9965e-06
4.31519e+10,0.999995,2.40735e-06,2.40735e-06
4.2462e+10,0.999999,6.88417e-07,6.88417e-07
4.1783e+10,1,4.69679e-09,4.69679e-09
4.1115e+10,0.999999,5.39451e-07,5.39451e-07
4.04576e+10,0.999995,2.49573e-06,2.49573e-06
3.98107e+10,0.999988,6.09797e-06,6.09797e-06
3.91742e+10,0.999977,1.15937e-05,1.15937e-05
3.85478e+10,0.999961,1.92551e-05,1.92551e-05
3.79315e+10,0.999941,2.93811e-05,2.93811e-05
3.7325e+10,0.999915,4.22993e-05,4.22993e-05
3.67282e+10,0.999883,5.83677e-05,5.83677e-05
3.6141e+10,0.999844,7.79768e-05,7.79768e-05
3.55631e+10,0.999797,0.000101552,0.000101552
3.49945e+10,0.999741,0.000129555,0.000129555
3.4435e+10,0.999675,0.000162487,0.000162487
3.38844e+10,0.999598,0.000200891,0.000200891
3.33426e+10,0.999509,0.000245351,0.000245351
3.28095e+10,0.999407,0.000296498,0.000296498
3.22849e+10,0.99929,0.000355012,0.000355012
3.17687e+10,0.999157,0.000421618,0.000421618
3.12608e+10,0.999006,0.000497098,0.000497098
3.0761e+10,0.998835,0.000582281,0.000582281
3.02691e+10,0.998644,0.000678056,0.000678056
2.97852e+10,0.998429,0.000785362,0.000785362
2.93089e+10,0.99819,0.000905198,0.000905198
2.88403e+10,0.997923,0.00103862,0.00103862
2.83792e+10,0.997627,0.00118673,0.00118673
2.79254e+10,0.997299,0.0013507,0.0013507
2.74789e+10,0.996936,0.00153176,0.00153176
2.70396e+10,0.996538,0.00173116,0.00173116
2.66073e+10,0.9961,0.00195023,0.00195023
2.61818e+10,0.995619,0.00219034,0.00219034
2.57632e+10,0.995094,0.00245288,0.00245288
2.53513e+10,0.994521,0.00273929,0.00273929
2.49459e+10,0.993898,0.00305103,0.00305103
2.45471e+10,0.993221,0.00338956,0.00338956
2.41546e+10,0.992487,0.00375636,0.00375636
2.37684e+10,0.991694,0.00415288,0.00415288
2.33884e+10,0.990839,0.00458056,0.00458056
2.30144e+10,0.989918,0.00504077,0.00504077
2.26464e+10,0.98893,0.00553483,0.00553483
2.22844e+10,0.987872,0.00606396,0.00606396
2.1928e+10,0.986741,0.00662926,0.00662926
2.15774e+10,0.985537,0.00723168,0.00723168
2.12324e+10,0.984256,0.00787198,0.00787198
2.0893e+10,0.982899,0.00855072,0.00855072
2.05589e+10,0.981464,0.00926819,0.00926819
2.02302e+10,0.979951,0.0100244,0.0100244
1.99067e+10,0.978362,0.0108189,0.0108189
1.95884e+10,0.976698,0.011651,0.011651
1.92752e+10,0.974961,0.0125196,0.0125196
1.89671e+10,0.973154,0.0134228,0.0134228
1.86638e+10,0.971283,0.0143584,0.0143584
1.83654e+10,0.969353,0.0153235,0.0153235
1.80717e+10,0.967371,0.0163146,0.0163146
1.77828e+10,0.965345,0.0173274,0.0173274
1.74985e+10,0.963287,0.0183567,0.0183567
1.72187e+10,0.961207,0.0193967,0.0193967
1.69434e+10,0.959119,0.0204405,0.0204405
1.66725e+10,0.957039,0.0214805,0.0214805
1.64059e+10,0.954984,0.0225079,0.0225079
1.61436e+10,0.952974,0.023513,0.023513
1.58855e+10,0.951029,0.0244854,0.0244854
1.56315e+10,0.949173,0.0254133,0.0254133
1.53815e+10,0.947431,0.0262844,0.0262844
1.51356e+10,0.94583,0.0270852,0.0270852
1.48936e+10,0.944397,0.0278017,0.0278017
1.46555e+10,0.943161,0.0284193,0.0284193
1.44212e+10,0.942154,0.0289228,0.0289228
1.41906e+10,0.941406,0.0292968,0.0292968
1.39637e+10,0.940948,0.0295262,0.0295262
1.37404e+10,0.940808,0.0295959,0.0295959
1.35207e+10,0.941017,0.0294917,0.0294917
1.33045e+10,0.941599,0.0292006,0.0292006
1.30918e+10,0.942577,0.0287113,0.0287113
1.28825e+10,0.943971,0.0280146,0.0280146
1.26765e+10,0.945792,0.0271041,0.0271041
1.24738e+10,0.948046,0.025977,0.025977
1.22744e+10,0.950731,0.0246346,0.0246346
1.20781e+10,0.953834,0.0230831,0.0230831
1.1885e+10,0.957331,0.0213346,0.0213346
1.1695e+10,0.961185,0.0194074,0.0194074
1.1508e+10,0.965346,0.0173272,0.0173272
1.1324e+10,0.969745,0.0151277,0.0151277
1.11429e+10,0.974298,0.0128512,0.0128512
1.09648e+10,0.978902,0.0105489,0.0105489
1.07895e+10,0.983436,0.00828185,0.00828185
1.0617e+10,0.987759,0.00612045,0.00612045
1.04472e+10,0.99171,0.00414483,0.00414483
1.02802e+10,0.995112,0.00244423,0.00244423
1.01158e+10,0.997767,0.00111631,0.00111631
9.95405e+09,0.999468,0.000265918,0.000265918
9.7949e+09,0.999993,3.43778e-06,3.43778e-06
9.63829e+09,0.999115,0.000442568,0.000442568
9.48418e+09,0.996605,0.00169757,0.00169757
9.33254e+09,0.99224,0.00387994,0.00387994
9.18333e+09,0.985811,0.00709441,0.00709441
9.03649e+09,0.977131,0.0114345,0.0114345
8.89201e+09,0.966045,0.0169776,0.0169776
8.74984e+09,0.952442,0.0237792,0.0237792
8.60994e+09,0.936265,0.0318676,0.0318676
8.47227e+09,0.917525,0.0412377,0.0412377
8.33681e+09,0.896309,0.0518455,0.0518455
8.20352e+09,0.872794,0.0636028,0.0636028
8.07235e+09,0.847255,0.0763724,0.0763724
7.94328e+09,0.82007,0.0899649,0.0899649
7.81628e+09,0.791727,0.104136,0.104136
7.6913e+09,0.762822,0.118589,0.118589
7.56833e+09,0.734056,0.132972,0.132972
7.44732e+09,0.70622,0.14689,0.14689
7.32825e+09,0.680186,0.159907,0.159907
7.21107e+09,0.656876,0.171562,0.171562
7.09578e+09,0.637235,0.181383,0.181383
6.98232e+09,0.622192,0.188904,0.188904
6.87068e+09,0.612615,0.193692,0.193692
6.76083e+09,0.609264,0.195368,0.195368
6.65273e+09,0.612732,0.193634,0.193634
6.54636e+09,0.623395,0.188303,0.188303
6.44169e+09,0.641354,0.179323,0.179323
6.3387e+09,0.66639,0.166805,0.166805
6.23735e+09,0.697919,0.15104,0.15104
6.13762e+09,0.73497,0.132515,0.132515
6.03949e+09,0.776171,0.111914,0.111914
5.94292e+09,0.819768,0.090116,0.090116
5.8479e+09,0.863655,0.0681723,0.0681723
5.7544e+09,0.905447,0.0472765,0.0472765
5.66239e+09,0.942566,0.028717,0.028717
5.57186e+09,0.972368,0.0138161,0.0138161
5.48277e+09,0.992281,0.00385929,0.00385929
5.39511e+09,0.999972,1.40142e-05,1.40142e-05
5.30884e+09,0.993508,0.00324602,0.00324602
5.22396e+09,0.971527,0.0142366,0.0142366
5.14044e+09,0.933383,0.0333086,0.0333086
5.05825e+09,0.879264,0.0603679,0.0603679
4.97737e+09,0.810265,0.0948676,0.0948676
4.89779e+09,0.728398,0.135801,0.135801
4.81948e+09,0.636542,0.181729,0.181729
4.74242e+09,0.538318,0.230841,0.230841
4.66659e+09,0.437892,0.281054,0.281054
4.59198e+09,0.339724,0.330138,0.330138
4.51856e+09,0.248268,0.375866,0.375866
4.44631e+09,0.167654,0.416173,0.416173
4.37522e+09,0.101385,0.449308,0.449308
4.30527e+09,0.0520604,0.47397,0.47397
4.23643e+09,0.0211852,0.489407,0.489407
4.16869e+09,0.00906089,0.49547,0.49547
4.10204e+09,0.0147907,0.492605,0.492605
4.03645e+09,0.0363939,0.481803,0.481803
3.97192e+09,0.0710189,0.464491,0.464491
3.90841e+09,0.11523,0.442385,0.442385
3.84592e+09,0.165333,0.417333,0.417333
3.78443e+09,0.217696,0.391152,0.391152
3.72392e+09,0.269034,0.365483,0.365483
3.66438e+09,0.316625,0.341688,0.341688
3.60579e+09,0.358446,0.320777,0.320777
3.54813e+09,0.393241,0.30338,0.30338
3.4914e+09,0.42053,0.289735,0.289735
3.43558e+09,0.440604,0.279698,0.279698
3.38065e+09,0.454518,0.272741,0.272741
3.3266e+09,0.464096,0.267952,0.267952
3.27341e+09,0.471915,0.264042,0.264042
3.22107e+09,0.481237,0.259382,0.259382
3.16957e+09,0.495792,0.252104,0.252104
3.11889e+09,0.519376,0.240312,0.240312
3.06902e+09,0.555207,0.222397,0.222397
3.01995e+09,0.605121,0.197439,0.197439
2.97167e+09,0.66873,0.165635,0.165635
2.92415e+09,0.742782,0.128609,0.128609
2.8774e+09,0.821016,0.0894918,0.0894918
2.83139e+09,0.89474,0.05263,0.05263
2.78612e+09,0.954237,0.0228814,0.0228814
2.74157e+09,0.990859,0.00457066,0.00457066
2.69774e+09,0.99937,0.000314755,0.000314755
2.65461e+09,0.979905,0.0100474,0.0100474
2.61216e+09,0.938789,0.0306054,0.0306054
2.5704e+09,0.887704,0.0561481,0.0561481
2.5293e+09,0.841086,0.0794572,0.0794572
2.48886e+09,0.812289,0.0938557,0.0938557
2.44906e+09,0.809614,0.0951932,0.0951932
2.40991e+09,0.833605,0.0831976,0.0831976
2.37137e+09,0.876783,0.0616083,0.0616083
2.33346e+09,0.926222,0.0368891,0.0368891
2.29615e+09,0.96823,0.0158849,0.0158849
2.25944e+09,0.993409,0.00329535,0.00329535
2.22331e+09,0.999926,3.71027e-05,3.71027e-05
2.18776e+09,0.993451,0.00327463,0.00327463
2.15278e+09,0.983678,0.00816118,0.00816118
2.11836e+09,0.979088,0.0104562,0.0104562
2.08449e+09,0.982718,0.00864078,0.00864078
2.05116e+09,0.991332,0.00433383,0.00433383
2.01837e+09,0.9985,0.000750226,0.000750226
1.98609e+09,0.999629,0.000185702,0.000185702
1.95434e+09,0.99546,0.00227025,0.00227025
1.92309e+09,0.991281,0.00435943,0.00435943
1.89234e+09,0.992094,0.00395289,0.00395289
1.86209e+09,0.997324,0.00133777,0.00133777
1.83231e+09,0.999826,8.72269e-05,8.72269e-05
1.80302e+09,0.9912,0.00439979,0.00439979
1.77419e+09,0.970165,0.0149173,0.0149173
1.74582e+09,0.946805,0.0265977,0.0265977
1.71791e+09,0.937221,0.0313894,0.0313894
1.69044e+09,0.950598,0.0247011,0.0247011
1.66341e+09,0.97873,0.0106348,0.0106348
1.63682e+09,0.998905,0.000547521,0.000547521
1.61065e+09,0.991199,0.00440038,0.00440038
1.58489e+09,0.957277,0.0213615,0.0213615
1.55955e+09,0.92267,0.0386651,0.0386651
1.53462e+09,0.916625,0.0416875,0.0416875
1.51008e+09,0.94523,0.0273851,0.0273851
1.48594e+09,0.983926,0.00803725,0.00803725
1.46218e+09,0.999979,1.05748e-05,1.05748e-05
1.4388e+09,0.984793,0.00760363,0.00760363
1.41579e+09,0.96197,0.0190152,0.0190152
1.39316e+09,0.960316,0.0198419,0.0198419
1.37088e+09,0.981111,0.00944432,0.00944432
1.34896e+09,0.998811,0.000594715,0.000594715
1.32739e+09,0.995254,0.00237308,0.00237308
1.30617e+09,0.982986,0.00850698,0.00850698
1.28529e+09,0.984796,0.00760176,0.00760176
1.26474e+09,0.997616,0.00119204,0.00119204
1.24451e+09,0.996261,0.00186946,0.00186946
1.22462e+09,0.975882,0.0120592,0.0120592
1.20504e+09,0.965954,0.017023,0.017023
1.18577e+09,0.98418,0.0079099,0.0079099
1.16681e+09,0.999991,4.59471e-06,4.59471e-06
1.14815e+09,0.978511,0.0107445,0.0107445
1.1298e+09,0.944501,0.0277497,0.0277497
1.11173e+09,0.951113,0.0244436,0.0244436
1.09396e+09,0.98931,0.00534496,0.00534496
1.07647e+09,0.996094,0.00195309,0.00195309
1.05925e+09,0.963342,0.0183292,0.0183292
1.04232e+09,0.954114,0.0229431,0.0229431
1.02565e+09,0.985654,0.00717313,0.00717313
1.00925e+09,0.998928,0.000536128,0.000536128
9.93116e+08,0.978665,0.0106673,0.0106673
9.77237e+08,0.978685,0.0106576,0.0106576
9.61612e+08,0.998813,0.000593548,0.000593548
9.46237e+08,0.988906,0.00554678,0.00554678
9.31108e+08,0.973368,0.0133162,0.0133162
9.1622e+08,0.992849,0.00357549,0.00357549
9.01571e+08,0.993677,0.00316168,0.00316168
8.87156e+08,0.959499,0.0202506,0.0202506
8.72971e+08,0.96983,0.0150852,0.0150852
8.59014e+08,0.999973,1.36468e-05,1.36468e-05
8.45279e+08,0.969874,0.0150629,0.0150629
8.31764e+08,0.955001,0.0224995,0.0224995
8.18465e+08,0.994378,0.00281104,0.00281104
8.05378e+08,0.98692,0.00654024,0.00654024
7.92501e+08,0.968001,0.0159996,0.0159996
7.7983e+08,0.996404,0.0017979,0.0017979
7.67361e+08,0.987174,0.00641291,0.00641291
7.55092e+08,0.97806,0.0109699,0.0109699
7.43019e+08,0.999997,1.31972e-06,1.31972e-06
7.31139e+08,0.971816,0.014092,0.014092
7.19449e+08,0.9787,0.0106501,0.0106501
7.07946e+08,0.996608,0.00169617,0.00169617
6.96627e+08,0.955978,0.0220112,0.0220112
6.85488e+08,0.986081,0.00695972,0.00695972
6.74528e+08,0.98762,0.00618998,0.00618998
6.63743e+08,0.964794,0.0176028,0.0176028
6.53131e+08,0.999753,0.000123396,0.000123396
6.42688e+08,0.975009,0.0124957,0.0124957
6.32412e+08,0.99363,0.00318503,0.00318503
6.223e+08,0.982963,0.00851844,0.00851844
6.1235e+08,0.981459,0.00927028,0.00927028
6.0256e+08,0.991474,0.00426323,0.00426323
5.92925e+08,0.962202,0.0188988,0.0188988
5.83445e+08,0.999836,8.18765e-05,8.18765e-05
5.74116e+08,0.960082,0.0199589,0.0199589
5.64937e+08,0.997205,0.00139771,0.00139771
5.55904e+08,0.972466,0.013767,0.013767
5.47016e+08,0.996169,0.00191563,0.00191563
5.3827e+08,0.975582,0.0122091,0.0122091
5.29663e+08,0.997605,0.00119732,0.00119732
5.21195e+08,0.967809,0.0160957,0.0160957
5.12861e+08,0.99759,0.00120483,0.00120483
5.04661e+08,0.962116,0.0189421,0.0189421
4.96592e+08,0.998272,0.000864234,0.000864234
4.88652e+08,0.96622,0.0168901,0.0168901
4.80839e+08,0.999957,2.14469e-05,2.14469e-05
4.73151e+08,0.974329,0.0128353,0.0128353
4.65586e+08,0.991982,0.00400919,0.00400919
4.58142e+08,0.984153,0.00792362,0.00792362
4.50817e+08,0.972154,0.013923,0.013923
4.43609e+08,0.996672,0.00166398,0.00166398
4.36516e+08,0.963483,0.0182583,0.0182583
4.29536e+08,0.997115,0.00144261,0.00144261
4.22669e+08,0.984092,0.00795417,0.00795417
4.15911e+08,0.974834,0.0125829,0.0125829
4.09261e+08,0.999422,0.000289082,0.000289082
4.02717e+08,0.975194,0.0124031,0.0124031
3.96278e+08,0.971597,0.0142014,0.0142014
3.89942e+08,0.999978,1.08888e-05,1.08888e-05
3.83707e+08,0.97759,0.0112049,0.0112049
3.77572e+08,0.97486,0.01257,0.01257
3.71535e+08,0.996052,0.00197397,0.00197397
3.65595e+08,0.992087,0.00395647,0.00395647
3.59749e+08,0.964294,0.017853,0.017853
3.53997e+08,0.978973,0.0105137,0.0105137
3.48337e+08,0.999705,0.000147667,0.000147667
3.42768e+08,0.99138,0.00430985,0.00430985
3.37287e+08,0.97337,0.013315,0.013315
3.31894e+08,0.968472,0.0157638,0.0157638
3.26588e+08,0.988212,0.00589418,0.00589418
3.21366e+08,0.999997,1.62039e-06,1.62039e-06
3.16228e+08,0.992697,0.00365167,0.00365167
3.11172e+08,0.980922,0.009539,0.009539
3.06196e+08,0.968538,0.015731,0.015731
3.01301e+08,0.966265,0.0168676,0.0168676
2.96483e+08,0.978343,0.0108285,0.0108285
2.91743e+08,0.989643,0.00517847,0.00517847
2.87078e+08,0.994827,0.00258636,0.00258636
2.82488e+08,0.998201,0.000899437,0.000899437
2.77971e+08,0.999991,4.52375e-06,4.52375e-06
2.73527e+08,0.999302,0.000348897,0.000348897
2.69153e+08,0.999014,0.000493026,0.000493026
2.6485e+08,0.99932,0.00033977,0.00033977
2.60615e+08,0.999346,0.000326751,0.000326751
2.56448e+08,0.999556,0.000221843,0.000221843
2.52348e+08,0.999988,5.9439e-06,5.9439e-06
2.48313e+08,0.997905,0.0010473,0.0010473
2.44343e+08,0.991967,0.00401631,0.00401631
2.40436e+08,0.98427,0.00786482,0.00786482
2.36592e+08,0.976235,0.0118827,0.0118827
2.32809e+08,0.970198,0.0149011,0.0149011
2.29087e+08,0.973056,0.0134718,0.0134718
2.25424e+08,0.987976,0.00601201,0.00601201
2.2182e+08,0.999916,4.21287e-05,4.21287e-05
2.18273e+08,0.988846,0.0055768,0.0055768
2.14783e+08,0.968084,0.015958,0.015958
2.11349e+08,0.975074,0.0124628,0.0124628
2.0797e+08,0.998668,0.000665836,0.000665836
2.04644e+08,0.986289,0.00685525,0.00685525
2.01372e+08,0.966915,0.0165427,0.0165427
1.98153e+08,0.993391,0.00330449,0.00330449
1.94984e+08,0.988432,0.00578402,0.00578402
1.91867e+08,0.968021,0.0159894,0.0159894
1.88799e+08,0.99938,0.000310079,0.000310079
1.8578e+08,0.973227,0.0133864,0.0133864
1.8281e+08,0.990291,0.00485448,0.00485448
1.79887e+08,0.982691,0.00865457,0.00865457
1.77011e+08,0.987211,0.00639439,0.00639439
1.74181e+08,0.980619,0.0096907,0.0096907
1.71396e+08,0.989942,0.00502891,0.00502891
1.68655e+08,0.97338,0.0133099,0.0133099
1.65959e+08,0.999308,0.000345992,0.000345992
1.63305e+08,0.971499,0.0142505,0.0142505
1.60694e+08,0.987766,0.00611683,0.00611683
1.58125e+08,0.994301,0.00284943,0.00284943
1.55597e+08,0.971493,0.0142534,0.0142534
1.53109e+08,0.980546,0.00972688,0.00972688
1.50661e+08,0.999914,4.30054e-05,4.30054e-05
1.48252e+08,0.989861,0.00506947,0.00506947
1.45881e+08,0.970787,0.0146063,0.0146063
1.43549e+08,0.971409,0.0142957,0.0142957
1.41254e+08,0.978936,0.0105319,0.0105319
1.38995e+08,0.99095,0.00452521,0.00452521
1.36773e+08,0.995753,0.0021236,0.0021236
1.34586e+08,0.998896,0.00055184,0.00055184
1.32434e+08,0.998863,0.000568693,0.000568693
1.30317e+08,0.998654,0.000672866,0.000672866
1.28233e+08,0.995176,0.0024121,0.0024121
1.26183e+08,0.988589,0.00570544,0.00570544
1.24165e+08,0.977531,0.0112343,0.0112343
1.2218e+08,0.968208,0.0158961,0.0158961
1.20226e+08,0.978114,0.0109428,0.0109428
1.18304e+08,0.99631,0.00184497,0.00184497
1.16413e+08,0.993233,0.00338352,0.00338352
1.14551e+08,0.969253,0.0153736,0.0153736
1.1272e+08,0.988527,0.00573669,0.00573669
1.10917e+08,0.99357,0.00321492,0.00321492
1.09144e+08,0.970689,0.0146556,0.0146556
1.07399e+08,0.999969,1.52693e-05,1.52693e-05
1.05682e+08,0.968451,0.0157743,0.0157743
1.03992e+08,0.999688,0.000155771,0.000155771
1.02329e+08,0.971468,0.0142658,0.0142658
1.00693e+08,0.987633,0.00618329,0.00618329
9.90832e+07,0.994982,0.00250881,0.00250881
9.7499e+07,0.97051,0.0147448,0.0147448
9.59401e+07,0.979404,0.0102978,0.0102978
9.44061e+07,0.997089,0.00145533,0.00145533
9.28966e+07,0.998828,0.000586154,0.000586154
9.14113e+07,0.99021,0.00489508,0.00489508
8.99498e+07,0.982607,0.00869669,0.00869669
8.85116e+07,0.981147,0.0094266,0.0094266
8.70964e+07,0.982633,0.0086835,0.0086835
8.57038e+07,0.988683,0.00565829,0.00565829
8.43335e+07,0.998151,0.000924273,0.000924273
8.29851e+07,0.997798,0.00110085,0.00110085
8.16582e+07,0.979454,0.0102728,0.0102728
8.03526e+07,0.970635,0.0146827,0.0146827
7.90679e+07,0.997846,0.00107722,0.00107722
7.78037e+07,0.981205,0.00939742,0.00939742
7.65597e+07,0.982257,0.00887147,0.00887147
7.53356e+07,0.987425,0.00628752,0.00628752
7.4131e+07,0.986536,0.00673198,0.00673198
7.29458e+07,0.973831,0.0130843,0.0130843
7.17794e+07,0.999508,0.00024624,0.00024624
7.06318e+07,0.986095,0.00695272,0.00695272
6.95024e+07,0.969925,0.0150375,0.0150375
6.83912e+07,0.972087,0.0139567,0.0139567
6.72977e+07,0.978911,0.0105447,0.0105447
6.62217e+07,0.981427,0.00928656,0.00928656
6.51628e+07,0.978126,0.010937,0.010937
6.4121e+07,0.971331,0.0143346,0.0143346
6.30957e+07,0.972202,0.0138991,0.0138991
6.20869e+07,0.992054,0.00397316,0.00397316
6.10942e+07,0.994986,0.00250707,0.00250707
6.01174e+07,0.970003,0.0149983,0.0149983
5.91562e+07,0.99946,0.000270056,0.000270056
5.82103e+07,0.970059,0.0149707,0.0149707
5.72796e+07,0.998548,0.000725917,0.000725917
5.63638e+07,0.98368,0.00815999,0.00815999
5.54626e+07,0.969453,0.0152736,0.0152736
5.45758e+07,0.979668,0.0101659,0.0101659
5.37032e+07,0.989451,0.00527438,0.00527438
5.28445e+07,0.991614,0.00419315,0.00419315
5.19996e+07,0.986411,0.00679449,0.00679449
5.11682e+07,0.974315,0.0128427,0.0128427
5.03501e+07,0.973,0.0135,0.0135
4.9545e+07,0.997837,0.0010814,0.0010814
4.87528e+07,0.979043,0.0104784,0.0104784
4.79733e+07,0.98856,0.00571982,0.00571982
4.72063e+07,0.975027,0.0124866,0.0124866
4.64515e+07,0.999713,0.000143725,0.000143725
4.57088e+07,0.987744,0.00612793,0.00612793
4.4978e+07,0.974904,0.0125481,0.0125481
4.42588e+07,0.971312,0.0143438,0.0143438
4.35512e+07,0.973258,0.013371,0.013371
4.28549e+07,0.985728,0.00713603,0.00713603
4.21697e+07,0.999996,2.24574e-06,2.24574e-06
4.14954e+07,0.977348,0.0113261,0.0113261
4.08319e+07,0.987566,0.00621677,0.00621677
4.01791e+07,0.978082,0.0109589,0.0109589
3.95367e+07,0.999904,4.8124e-05,4.8124e-05
3.89045e+07,0.984125,0.00793734,0.00793734
3.82825e+07,0.973126,0.0134368,0.0134368
3.76704e+07,0.972778,0.0136108,0.0136108
3.70681e+07,0.979434,0.0102832,0.0102832
3.64754e+07,0.997644,0.00117777,0.00117777
3.58922e+07,0.986174,0.00691323,0.00691323
3.53183e+07,0.978657,0.0106713,0.0106713
3.47536e+07,0.98393,0.00803499,0.00803499
3.41979e+07,0.999275,0.000362265,0.000362265
3.36512e+07,0.986421,0.00678961,0.00678961
3.31131e+07,0.981017,0.00949128,0.00949128
3.25837e+07,0.988184,0.00590776,0.00590776
3.20627e+07,0.999986,7.03878e-06,7.03878e-06
3.155e+07,0.977424,0.011288,0.011288
3.10456e+07,0.990067,0.00496673,0.00496673
3.05492e+07,0.971934,0.0140329,0.0140329
3.00608e+07,0.992366,0.00381723,0.00381723
2.95801e+07,0.998872,0.000564175,0.000564175
2.91072e+07,0.997082,0.00145916,0.00145916
2.86418e+07,0.981454,0.00927297,0.00927297
2.81838e+07,0.973731,0.0131346,0.0131346
2.77332e+07,0.996741,0.0016297,0.0016297
2.72898e+07,0.984243,0.00787846,0.00787846
2.68534e+07,0.97036,0.01482,0.01482
2.64241e+07,0.969869,0.0150656,0.0150656
2.60016e+07,0.973433,0.0132836,0.0132836
2.55859e+07,0.996967,0.00151633,0.00151633
2.51768e+07,0.976163,0.0119185,0.0119185
2.47742e+07,0.999679,0.000160497,0.000160497
2.43781e+07,0.98578,0.0071099,0.0071099
2.39883e+07,0.982502,0.00874922,0.00874922
2.36048e+07,0.995325,0.00233729,0.00233729
2.32274e+07,0.989684,0.00515781,0.00515781
2.2856e+07,0.981074,0.00946322,0.00946322
2.24905e+07,0.972398,0.0138008,0.0138008
2.21309e+07,0.980671,0.00966473,0.00966473
2.17771e+07,0.974222,0.0128891,0.0128891
2.14289e+07,0.976141,0.0119297,0.0119297
2.10863e+07,0.995522,0.00223903,0.00223903
2.07491e+07,0.989956,0.00502222,0.00502222
2.04174e+07,0.979215,0.0103924,0.0103924
2.00909e+07,0.988106,0.00594676,0.00594676
1.97697e+07,0.997509,0.00124569,0.00124569
1.94536e+07,0.97344,0.0132801,0.0132801
1.91426e+07,0.975321,0.0123397,0.0123397
1.88365e+07,0.978051,0.0109747,0.0109747
1.85353e+07,0.969971,0.0150147,0.0150147
1.8239e+07,0.999077,0.000461434,0.000461434
1.79473e+07,0.972666,0.0136668,0.0136668
1.76604e+07,0.969876,0.0150622,0.0150622
1.7378e+07,0.974905,0.0125475,0.0125475
1.71002e+07,0.999852,7.38391e-05,7.38391e-05
1.68267e+07,0.976385,0.0118074,0.0118074
1.65577e+07,0.970475,0.0147626,0.0147626
1.6293e+07,0.979496,0.0102518,0.0102518
1.60325e+07,0.996994,0.00150291,0.00150291
1.57761e+07,0.987555,0.0062226,0.0062226
1.55239e+07,0.982583,0.00870847,0.00870847
1.52757e+07,0.999172,0.000413821,0.000413821
1.50314e+07,0.970661,0.0146694,0.0146694
1.47911e+07,0.98632,0.00684007,0.00684007
1.45546e+07,0.979269,0.0103656,0.0103656
1.43219e+07,0.978483,0.0107587,0.0107587
1.40929e+07,0.976073,0.0119633,0.0119633
1.38676e+07,0.978647,0.0106763,0.0106763
1.36458e+07,0.972615,0.0136926,0.0136926
1.34276e+07,0.990428,0.00478615,0.00478615
1.3213e+07,0.997041,0.00147951,0.00147951
1.30017e+07,0.977168,0.0114162,0.0114162
1.27938e+07,0.997052,0.00147403,0.00147403
1.25893e+07,0.989233,0.0053836,0.0053836
1.2388e+07,0.999693,0.000153641,0.000153641
1.21899e+07,0.97349,0.0132548,0.0132548
1.1995e+07,0.970403,0.0147987,0.0147987
1.18032e+07,0.992618,0.00369115,0.00369115
1.16145e+07,0.969915,0.0150426,0.0150426
1.14288e+07,0.969857,0.0150716,0.0150716
1.1246e+07,0.997082,0.00145901,0.00145901
1.10662e+07,0.977815,0.0110927,0.0110927
1.08893e+07,0.992388,0.00380618,0.00380618
1.07152e+07,0.973667,0.0131666,0.0131666
1.05439e+07,0.977093,0.0114535,0.0114535
1.03753e+07,0.979545,0.0102276,0.0102276
1.02094e+07,0.970321,0.0148393,0.0148393
1.00462e+07,0.975897,0.0120513,0.0120513
9.88553e+06,0.98395,0.00802512,0.00802512
9.72747e+06,0.979734,0.0101328,0.0101328
9.57194e+06,0.988662,0.00566905,0.00566905
9.4189e+06,0.982126,0.00893722,0.00893722
9.2683e+06,0.996746,0.0016272,0.0016272
9.12011e+06,0.999322,0.000339177,0.000339177
8.97429e+06,0.983195,0.00840246,0.00840246
8.8308e+06,0.998982,0.000508926,0.000508926
8.6896e+06,0.977343,0.0113283,0.0113283
8.55067e+06,0.997059,0.00147073,0.00147073
8.41395e+06,0.974718,0.0126411,0.0126411
8.27942e+06,0.994227,0.00288638,0.00288638
8.14704e+06,0.970958,0.0145212,0.0145212
8.01678e+06,0.984782,0.00760911,0.00760911
7.8886e+06,0.972703,0.0136487,0.0136487
7.76247e+06,0.969859,0.0150707,0.0150707
7.63836e+06,0.99874,0.000630002,0.000630002
7.51623e+06,0.9988,0.000600181,0.000600181
7.39605e+06,0.969856,0.0150719,0.0150719
7.2778e+06,0.976476,0.0117622,0.0117622
7.16143e+06,0.97316,0.0134198,0.0134198
7.04693e+06,0.98241,0.00879513,0.00879513
6.93426e+06,0.97702,0.0114902,0.0114902
6.82339e+06,0.98784,0.00608003,0.00608003
6.71429e+06,0.972673,0.0136636,0.0136636
6.60693e+06,0.987756,0.00612215,0.00612215
6.5013e+06,0.978995,0.0105023,0.0105023
6.39735e+06,0.990367,0.00481645,0.00481645
6.29506e+06,0.972771,0.0136143,0.0136143
6.19441e+06,0.998509,0.000745691,0.000745691
6.09537e+06,0.98656,0.00671996,0.00671996
5.99791e+06,0.997415,0.0012923,0.0012923
5.90201e+06,0.97754,0.01123,0.01123
5.80764e+06,0.999695,0.000152316,0.000152316
5.71479e+06,0.999997,1.70071e-06,1.70071e-06
5.62341e+06,0.988307,0.00584649,0.00584649
5.5335e+06,0.977634,0.011183,0.011183
5.44503e+06,0.975677,0.0121613,0.0121613
5.35797e+06,0.984544,0.00772821,0.00772821
5.2723e+06,0.97566,0.0121699,0.0121699
5.188e+06,0.975672,0.0121641,0.0121641
5.10505e+06,0.996416,0.00179185,0.00179185
5.02343e+06,0.984091,0.0079545,0.0079545
4.94311e+06,0.969947,0.0150265,0.0150265
4.86407e+06,0.971156,0.0144222,0.0144222
4.7863e+06,0.970109,0.0149455,0.0149455
4.70977e+06,0.973217,0.0133917,0.0133917
4.63447e+06,0.993225,0.00338731,0.00338731
4.56037e+06,0.993447,0.0032766,0.0032766
4.48745e+06,0.970043,0.0149783,0.0149783
4.4157e+06,0.999266,0.000367163,0.000367163
4.3451e+06,0.972492,0.013754,0.013754
4.27563e+06,0.995461,0.00226944,0.00226944
4.20727e+06,0.976568,0.0117159,0.0117159
4.14e+06,0.989299,0.00535059,0.00535059
4.0738e+06,0.987891,0.00605435,0.00605435
4.00867e+06,0.972177,0.0139113,0.0139113
3.94457e+06,0.996888,0.001556,0.001556
3.8815e+06,0.996053,0.00197358,0.00197358
3.81944e+06,0.986001,0.00699973,0.00699973
3.75837e+06,0.985869,0.00706569,0.00706569
3.69828e+06,0.996896,0.00155201,0.00155201
3.63915e+06,0.990649,0.00467528,0.00467528
3.58096e+06,0.976381,0.0118093,0.0118093
3.52371e+06,0.97895,0.0105251,0.0105251
3.46737e+06,0.990645,0.00467734,0.00467734
3.41193e+06,0.980779,0.00961042,0.00961042
3.35738e+06,0.976294,0.011853,0.011853
3.3037e+06,0.981574,0.00921322,0.00921322
3.25087e+06,0.988506,0.0057472,0.0057472
3.1989e+06,0.970481,0.0147596,0.0147596
3.14775e+06,0.999726,0.000137013,0.000137013
3.09742e+06,0.999654,0.00017289,0.00017289
3.04789e+06,0.981952,0.00902387,0.00902387
2.99916e+06,1,3.03761e-08,3.03761e-08
2.95121e+06,0.994311,0.00284451,0.00284451
2.90402e+06,0.983474,0.00826275,0.00826275
2.85759e+06,0.989457,0.00527164,0.00527164
2.8119e+06,0.975409,0.0122954,0.0122954
2.76694e+06,0.970941,0.0145297,0.0145297
2.7227e+06,0.998816,0.00059183,0.00059183
2.67917e+06,0.984111,0.00794451,0.00794451
2.63633e+06,0.999294,0.000353156,0.000353156
2.59418e+06,0.970292,0.0148539,0.0148539
2.5527e+06,0.969959,0.0150207,0.0150207
2.51189e+06,0.984444,0.00777815,0.00777815
2.47172e+06,0.97948,0.0102601,0.0102601
2.4322e+06,0.994294,0.002853,0.002853
2.39332e+06,0.98774,0.00613017,0.00613017
2.35505e+06,0.969866,0.0150672,0.0150672
2.31739e+06,0.999944,2.79641e-05,2.79641e-05
2.28034e+06,0.973737,0.0131315,0.0131315
2.24388e+06,0.974353,0.0128237,0.0128237
2.208e+06,0.987287,0.00635657,0.00635657
2.1727e+06,0.994506,0.00274718,0.00274718
2.13796e+06,0.997747,0.00112637,0.00112637
2.10378e+06,0.999602,0.000198844,0.000198844
2.07014e+06,0.999347,0.000326391,0.000326391
2.03704e+06,0.989994,0.00500285,0.00500285
2.00447e+06,0.970795,0.0146026,0.0146026
1.97242e+06,0.991496,0.00425223,0.00425223
1.94089e+06,0.974667,0.0126665,0.0126665
1.90985e+06,0.996042,0.00197884,0.00197884
1.87932e+06,0.996803,0.00159861,0.00159861
1.84927e+06,0.974746,0.0126269,0.0126269
1.8197e+06,0.998987,0.000506463,0.000506463
1.79061e+06,0.994823,0.00258847,0.00258847
1.76198e+06,0.991826,0.00408702,0.00408702
1.7338e+06,0.997667,0.0011663,0.0011663
1.70608e+06,0.99641,0.00179479,0.00179479
1.6788e+06,0.991296,0.00435196,0.00435196
1.65196e+06,0.998439,0.000780389,0.000780389
1.62555e+06,0.99786,0.0010701,0.0010701
1.59956e+06,0.973605,0.0131976,0.0131976
1.57398e+06,0.970088,0.0149561,0.0149561
1.54882e+06,0.973416,0.0132918,0.0132918
1.52405e+06,0.999985,7.67285e-06,7.67285e-06
1.49968e+06,0.97123,0.0143851,0.0143851
1.47571e+06,0.980769,0.00961571,0.00961571
1.45211e+06,0.995711,0.00214468,0.00214468
1.42889e+06,0.999981,9.40068e-06,9.40068e-06
1.40605e+06,0.997196,0.00140202,0.00140202
1.38357e+06,0.985343,0.00732834,0.00732834
1.36144e+06,0.969924,0.015038,0.015038
1.33968e+06,0.994416,0.0027919,0.0027919
1.31826e+06,0.97146,0.01427,0.01427
1.29718e+06,0.986285,0.00685764,0.00685764
1.27644e+06,0.976763,0.0116185,0.0116185
1.25603e+06,0.989151,0.00542461,0.00542461
1.23595e+06,0.976276,0.0118619,0.0118619
1.21619e+06,0.999718,0.000140955,0.000140955
1.19674e+06,0.989609,0.00519545,0.00519545
1.17761e+06,0.989271,0.00536455,0.00536455
1.15878e+06,0.986193,0.00690355,0.00690355
1.14025e+06,0.999495,0.000252692,0.000252692
1.12202e+06,0.971285,0.0143577,0.0143577
1.10408e+06,0.981227,0.00938664,0.00938664
1.08643e+06,0.994769,0.00261529,0.00261529
1.06905e+06,0.999279,0.00036031,0.00036031
1.05196e+06,0.999605,0.000197601,0.000197601
1.03514e+06,0.990822,0.0045889,0.0045889
1.01859e+06,0.970204,0.014898,0.014898
1.00231e+06,0.99897,0.000514763,0.000514763
986279,0.978633,0.0106834,0.0106834
970510,0.985526,0.00723711,0.00723711
954993,0.986261,0.00686928,0.00686928
939723,0.990339,0.00483053,0.00483053
924698,0.979901,0.0100493,0.0100493
909913,0.991637,0.00418139,0.00418139
895365,0.975957,0.0120217,0.0120217
881049,0.985072,0.0074641,0.0074641
866962,0.980248,0.00987589,0.00987589
853100,0.998044,0.000977886,0.000977886
839460,0.970024,0.0149878,0.0149878
826038,0.999529,0.000235644,0.000235644
812831,0.973955,0.0130227,0.0130227
799834,0.970296,0.0148519,0.0148519
787046,0.989872,0.0050638,0.0050638
774462,0.969845,0.0150777,0.0150777
762079,0.981441,0.0092796,0.0092796
749894,0.970247,0.0148767,0.0148767
737904,0.998896,0.000551803,0.000551803
726106,0.97401,0.0129948,0.0129948
714496,0.971865,0.0140673,0.0140673
703072,0.986883,0.00655831,0.00655831
691831,0.999565,0.000217274,0.000217274
680769,0.969911,0.0150446,0.0150446
669885,0.988642,0.00567877,0.00567877
659174,0.978741,0.0106293,0.0106293
648634,0.997605,0.00119743,0.00119743
638263,0.997587,0.0012063,0.0012063
628058,0.999749,0.000125644,0.000125644
618016,0.976582,0.0117092,0.0117092
608135,0.984023,0.0079884,0.0079884
598412,0.996625,0.00168736,0.00168736
588844,0.977393,0.0113033,0.0113033
579429,0.980418,0.00979105,0.00979105
570164,0.996291,0.00185444,0.00185444
561048,0.999832,8.37638e-05,8.37638e-05
552077,0.970657,0.0146713,0.0146713
543250,0.991728,0.00413593,0.00413593
534564,0.99964,0.000180093,0.000180093
526017,0.996982,0.0015089,0.0015089
517607,0.974858,0.0125711,0.0125711
509331,0.996468,0.00176576,0.00176576
501187,0.989951,0.00502468,0.00502468
493174,0.985055,0.00747238,0.00747238
485289,0.975246,0.0123771,0.0123771
477529,0.981933,0.00903351,0.00903351
469894,0.993446,0.00327717,0.00327717
462381,0.995637,0.00218164,0.00218164
454988,0.976918,0.0115411,0.0115411
447713,0.999236,0.000381924,0.000381924
440555,0.996714,0.00164302,0.00164302
433511,0.999698,0.00015087,0.00015087
426580,0.979352,0.0103242,0.0103242
419759,0.97118,0.0144098,0.0144098
413048,0.975401,0.0122993,0.0122993
406443,0.974906,0.0125471,0.0125471
399945,0.971383,0.0143086,0.0143086
393550,0.997583,0.00120873,0.00120873
387258,0.984747,0.00762645,0.00762645
381066,0.974845,0.0125775,0.0125775
374973,0.986537,0.00673141,0.00673141
368978,0.986582,0.00670909,0.00670909
363078,0.991107,0.00444671,0.00444671
357273,0.991713,0.00414364,0.00414364
351560,0.969846,0.015077,0.015077
345939,0.999897,5.13227e-05,5.13227e-05
340408,0.991409,0.00429558,0.00429558
334965,0.987955,0.00602262,0.00602262
329610,0.974168,0.012916,0.012916
324340,0.969847,0.0150767,0.0150767
319154,0.990615,0.00469264,0.00469264
314051,0.969897,0.0150517,0.0150517
309030,0.991845,0.00407768,0.00407768
304089,0.99976,0.000119841,0.000119841
299226,0.99179,0.00410513,0.00410513
294442,0.977147,0.0114263,0.0114263
289734,0.977731,0.0111343,0.0111343
285102,0.971206,0.014397,0.014397
280543,0.990776,0.00461221,0.00461221
276058,0.99147,0.00426516,0.00426516
271644,0.97647,0.0117649,0.0117649
267301,0.995149,0.00242575,0.00242575
263027,0.998394,0.000802812,0.000802812
258821,0.970142,0.0149288,0.0149288
254683,0.969853,0.0150734,0.0150734
250611,0.983657,0.00817162,0.00817162
246604,0.998196,0.000902211,0.000902211
242661,0.986969,0.00651561,0.00651561
238781,0.999989,5.39925e-06,5.39925e-06
234963,0.976995,0.0115024,0.0115024
231206,0.970003,0.0149983,0.0149983
227510,0.995434,0.0022832,0.0022832
223872,0.999959,2.05652e-05,2.05652e-05
220293,0.985376,0.00731219,0.00731219
216770,0.996132,0.00193417,0.00193417
213304,0.985715,0.00714243,0.00714243
209894,0.975336,0.0123321,0.0123321
