1e+12,1,7.07095e-09,7.07095e-09
9.84011e+11,1,7.47739e-09,7.47739e-09
9.68278e+11,1,7.90793e-09,7.90793e-09
9.52796e+11,1,8.36404e-09,8.36404e-09
9.37562e+11,1,8.84727e-09,8.84727e-09
9.22571e+11,1,9.35927e-09,9.35927e-09
9.07821e+11,1,9.9018e-09,9.9018e-09
8.93305e+11,1,1.04767e-08,1.04767e-08
8.79023e+11,1,1.1086e-08,1.1086e-08
8.64968e+11,1,1.17317e-08,1.17317e-08
8.51138e+11,1,1.24161e-08,1.24161e-08
8.37529e+11,1,1.31416e-08,1.31416e-08
8.24138e+11,1,1.39106e-08,1.39106e-08
8.10961e+11,1,1.47259e-08,1.47259e-08
7.97995e+11,1,1.55902e-08,1.55902e-08
7.85236e+11,1,1.65067e-08,1.65067e-08
7.72681e+11,1,1.74784e-08,1.74784e-08
7.60326e+11,1,1.85088e-08,1.85088e-08
7.4817e+11,1,1.96015e-08,1.96015e-08
7.36207e+11,1,2.07603e-08,2.07603e-08
7.24436e+11,1,2.19894e-08,2.19894e-08
7.12853e+11,1,2.3293e-08,2.3293e-08
7.01455e+11,1,2.46757e-08,2.46757e-08
6.9024e+11,1,2.61425e-08,2.61425e-08
6.79204e+11,1,2.76984e-08,2.76984e-08
6.68344e+11,1,2.93492e-08,2.93492e-08
6.57658e+11,1,3.11005e-08,3.11005e-08
6.47143e+11,1,3.29586e-08,3.29586e-08
6.36796e+11,1,3.49302e-08,3.49302e-08
6.26614e+11,1,3.70223e-08,3.70223e-08
6.16595e+11,1,3.92424e-08,3.92424e-08
6.06736e+11,1,4.15983e-08,4.15983e-08
5.97035e+11,1,4.40986e-08,4.40986e-08
5.87489e+11,1,4.67523e-08,4.67523e-08
5.78096e+11,1,4.95687e-08,4.95687e-08
5.68853e+11,1,5.25582e-08,5.25582e-08
5.59758e+11,1,5.57313e-08,5.57313e-08
5.50808e+11,1,5.90997e-08,5.90997e-08
5.42001e+11,1,6.26754e-08,6.26754e-08
5.33335e+11,1,6.64714e-08,6.64714e-08
5.24807e+11,1,7.05014e-08,7.05014e-08
5.16416e+11,1,7.47799e-08,7.47799e-08
5.08159e+11,1,7.93226e-08,7.93226e-08
5.00035e+11,1,8.41458e-08,8.41458e-08
4.9204e+11,1,8.92672e-08,8.92672e-08
4.84172e+11,1,9.47053e-08,9.47053e-08
4.76431e+11,1,1.0048e-07,1.0048e-07
4.68813e+11,1,1.06612e-07,1.06612e-07
4.61318e+11,1,1.13124e-07,1.13124e-07
4.53942e+11,1,1.2004e-07,1.2004e-07
4.46684e+11,1,1.27385e-07,1.27385e-07
4.39542e+11,1,1.35185e-07,1.35185e-07
4.32514e+11,1,1.4347e-07,1.4347e-07
4.25598e+11,1,1.5227e-07,1.5227e-07
4.18794e+11,1,1.61616e-07,1.61616e-07
4.12098e+11,1,1.71543e-07,1.71543e-07
4.05509e+11,1,1.82088e-07,1.82088e-07
3.99025e+11,1,1.93289e-07,1.93289e-07
3.92645e+11,1,2.05187e-07,2.05187e-07
3.86367e+11,1,2.17827e-07,2.17827e-07
3.80189e+11,1,2.31253e-07,2.31253e-07
3.74111e+11,1,2.45517e-07,2.45517e-07
3.68129e+11,0.999999,2.60669e-07,2.60669e-07
3.62243e+11,0.999999,2.76767e-07,2.76767e-07
3.56451e+11,0.999999,2.93869e-07,2.93869e-07
3.50752e+11,0.999999,3.12037e-07,3.12037e-07
3.45144e+11,0.999999,3.3134e-07,3.3134e-07
3.39625e+11,0.999999,3.51847e-07,3.51847e-07
3.34195e+11,0.999999,3.73636e-07,3.73636e-07
3.28852e+11,0.999999,3.96784e-07,3.96784e-07
3.23594e+11,0.999999,4.21379e-07,4.21379e-07
3.1842e+11,0.999999,4.4751e-07,4.4751e-07
3.13329e+11,0.999999,4.75275e-07,4.75275e-07
3.08319e+11,0.999999,5.04774e-07,5.04774e-07
3.03389e+11,0.999999,5.36116e-07,5.36116e-07
2.98538e+11,0.999999,5.69418e-07,5.69418e-07
2.93765e+11,0.999999,6.04801e-07,6.04801e-07
2.89068e+11,0.999999,6.42396e-07,6.42396e-07
2.84446e+11,0.999999,6.82341e-07,6.82341e-07
2.79898e+11,0.999999,7.24783e-07,7.24783e-07
2.75423e+11,0.999998,7.69879e-07,7.69879e-07
2.71019e+11,0.999998,8.17793e-07,8.17793e-07
2.66686e+11,0.999998,8.68701e-07,8.68701e-07
2.62422e+11,0.999998,9.22792e-07,9.22792e-07
2.58226e+11,0.999998,9.80263e-07,9.80263e-07
2.54097e+11,0.999998,1.04132e-06,1.04132e-06
2.50035e+11,0.999998,1.1062e-06,1.1062e-06
2.46037e+11,0.999998,1.17513e-06,1.17513e-06
2.42103e+11,0.999998,1.24836e-06,1.24836e-06
2.38232e+11,0.999997,1.32617e-06,1.32617e-06
2.34423e+11,0.999997,1.40883e-06,1.40883e-06
2.30675e+11,0.999997,1.49666e-06,1.49666e-06
2.26986e+11,0.999997,1.58996e-06,1.58996e-06
2.23357e+11,0.999997,1.68908e-06,1.68908e-06
2.19786e+11,0.999996,1.79438e-06,1.79438e-06
2.16272e+11,0.999996,1.90624e-06,1.90624e-06
2.12814e+11,0.999996,2.02507e-06,2.02507e-06
2.09411e+11,0.999996,2.1513e-06,2.1513e-06
2.06063e+11,0.999995,2.28539e-06,2.28539e-06
2.02768e+11,0.999995,2.42782e-06,2.42782e-06
1.99526e+11,0.999995,2.57911e-06,2.57911e-06
1.96336e+11,0.999995,2.7398e-06,2.7398e-06
1.93197e+11,0.999994,2.91047e-06,2.91047e-06
1.90108e+11,0.999994,3.09173e-06,3.09173e-06
1.87068e+11,0.999993,3.28424e-06,3.28424e-06
1.84077e+11,0.999993,3.48869e-06,3.48869e-06
1.81134e+11,0.999993,3.70579e-06,3.70579e-06
1.78238e+11,0.999992,3.93634e-06,3.93634e-06
1.75388e+11,0.999992,4.18115e-06,4.18115e-06
1.72584e+11,0.999991,4.44109e-06,4.44109e-06
1.69824e+11,0.999991,4.71708e-06,4.71708e-06
1.67109e+11,0.99999,5.0101e-06,5.0101e-06
1.64437e+11,0.999989,5.32118e-06,5.32118e-06
1.61808e+11,0.999989,5.65142e-06,5.65142e-06
1.59221e+11,0.999988,6.00197e-06,6.00197e-06
1.56675e+11,0.999987,6.37406e-06,6.37406e-06
1.5417e+11,0.999986,6.769e-06,6.769e-06
1.51705e+11,0.999986,7.18816e-06,7.18816e-06
1.49279e+11,0.999985,7.63298e-06,7.63298e-06
1.46893e+11,0.999984,8.10502e-06,8.10502e-06
1.44544e+11,0.999983,8.60589e-06,8.60589e-06
1.42233e+11,0.999982,9.13733e-06,9.13733e-06
1.39959e+11,0.999981,9.70114e-06,9.70114e-06
1.37721e+11,0.999979,1.02992e-05,1.02992e-05
1.35519e+11,0.999978,1.09337e-05,1.09337e-05
1.33352e+11,0.999977,1.16066e-05,1.16066e-05
1.3122e+11,0.999975,1.23203e-05,1.23203e-05
1.29122e+11,0.999974,1.30771e-05,1.30771e-05
1.27057e+11,0.999972,1.38796e-05,1.38796e-05
1.25026e+11,0.999971,1.47305e-05,1.47305e-05
1.23027e+11,0.999969,1.56325e-05,1.56325e-05
1.2106e+11,0.999967,1.65886e-05,1.65886e-05
1.19124e+11,0.999965,1.7602e-05,1.7602e-05
1.1722e+11,0.999963,1.8676e-05,1.8676e-05
1.15345e+11,0.99996,1.98141e-05,1.98141e-05
1.13501e+11,0.999958,2.10199e-05,2.10199e-05
1.11686e+11,0.999955,2.22972e-05,2.22972e-05
1.09901e+11,0.999953,2.36503e-05,2.36503e-05
1.08143e+11,0.99995,2.50832e-05,2.50832e-05
1.06414e+11,0.999947,2.66007e-05,2.66007e-05
1.04713e+11,0.999944,2.82073e-05,2.82073e-05
1.03039e+11,0.99994,2.99081e-05,2.99081e-05
1.01391e+11,0.999937,3.17083e-05,3.17083e-05
9.977e+10,0.999933,3.36135e-05,3.36135e-05
9.81748e+10,0.999929,3.56293e-05,3.56293e-05
9.66051e+10,0.999924,3.77618e-05,3.77618e-05
9.50605e+10,0.99992,4.00175e-05,4.00175e-05
9.35406e+10,0.999915,4.24029e-05,4.24029e-05
9.2045e+10,0.99991,4.4925e-05,4.4925e-05
9.05733e+10,0.999905,4.75912e-05,4.75912e-05
8.91251e+10,0.999899,5.0409e-05,5.0409e-05
8.77001e+10,0.999893,5.33865e-05,5.33865e-05
8.62979e+10,0.999887,5.65321e-05,5.65321e-05
8.4918e+10,0.99988,5.98544e-05,5.98544e-05
8.35603e+10,0.999873,6.33625e-05,6.33625e-05
8.22243e+10,0.999866,6.7066e-05,6.7066e-05
8.09096e+10,0.999858,7.09747e-05,7.09747e-05
7.96159e+10,0.99985,7.50989e-05,7.50989e-05
7.8343e+10,0.999841,7.94494e-05,7.94494e-05
7.70903e+10,0.999832,8.40372e-05,8.40372e-05
7.58578e+10,0.999822,8.88739e-05,8.88739e-05
7.46449e+10,0.999812,9.39716e-05,9.39716e-05
7.34514e+10,0.999801,9.93424e-05,9.93424e-05
7.2277e+10,0.99979,0.000104999,0.000104999
7.11214e+10,0.999778,0.000110956,0.000110956
6.99842e+10,0.999766,0.000117225,0.000117225
6.88652e+10,0.999752,0.000123822,0.000123822
6.77642e+10,0.999738,0.00013076,0.00013076
6.66807e+10,0.999724,0.000138054,0.000138054
6.56145e+10,0.999709,0.000145721,0.000145721
6.45654e+10,0.999692,0.000153775,0.000153775
6.35331e+10,0.999676,0.000162232,0.000162232
6.25173e+10,0.999658,0.000171108,0.000171108
6.15177e+10,0.999639,0.000180421,0.000180421
6.05341e+10,0.99962,0.000190187,0.000190187
5.95662e+10,0.999599,0.000200422,0.000200422
5.86138e+10,0.999578,0.000211144,0.000211144
5.76766e+10,0.999555,0.00022237,0.00022237
5.67545e+10,0.999532,0.000234117,0.000234117
5.5847e+10,0.999507,0.000246402,0.000246402
5.49541e+10,0.999482,0.000259241,0.000259241
5.40754e+10,0.999455,0.000272652,0.000272652
5.32108e+10,0.999427,0.000286651,0.000286651
5.236e+10,0.999397,0.000301252,0.000301252
5.15229e+10,0.999367,0.000316473,0.000316473
5.06991e+10,0.999335,0.000332325,0.000332325
4.98884e+10,0.999302,0.000348824,0.000348824
4.90908e+10,0.999268,0.000365982,0.000365982
4.83059e+10,0.999232,0.000383808,0.000383808
4.75335e+10,0.999195,0.000402314,0.000402314
4.67735e+10,0.999157,0.000421507,0.000421507
4.60257e+10,0.999117,0.000441392,0.000441392
4.52898e+10,0.999076,0.000461974,0.000461974
4.45656e+10,0.999033,0.000483255,0.000483255
4.38531e+10,0.99899,0.000505231,0.000505231
4.31519e+10,0.998944,0.0005279,0.0005279
4.2462e+10,0.998897,0.000551254,0.000551254
4.1783e+10,0.998849,0.000575281,0.000575281
4.1115e+10,0.9988,0.000599965,0.000599965
4.04576e+10,0.998749,0.000625287,0.000625287
3.98107e+10,0.998698,0.000651223,0.000651223
3.91742e+10,0.998645,0.000677742,0.000677742
3.85478e+10,0.99859,0.000704809,0.000704809
3.79315e+10,0.998535,0.000732383,0.000732383
3.7325e+10,0.998479,0.000760417,0.000760417
3.67282e+10,0.998422,0.000788854,0.000788854
3.6141e+10,0.998365,0.000817634,0.000817634
3.55631e+10,0.998307,0.000846688,0.000846688
3.49945e+10,0.998248,0.000875936,0.000875936
3.4435e+10,0.998189,0.000905294,0.000905294
3.38844e+10,0.998131,0.000934665,0.000934665
3.33426e+10,0.998072,0.000963947,0.000963947
3.28095e+10,0.998014,0.000993024,0.000993024
3.22849e+10,0.997956,0.00102177,0.00102177
3.17687e+10,0.9979,0.00105006,0.00105006
3.12608e+10,0.997845,0.00107775,0.00107775
3.0761e+10,0.997791,0.00110467,0.00110467
3.02691e+10,0.997739,0.00113068,0.00113068
2.97852e+10,0.997689,0.00115558,0.00115558
2.93089e+10,0.997642,0.00117921,0.00117921
2.88403e+10,0.997597,0.00120137,0.00120137
2.83792e+10,0.997556,0.00122186,0.00122186
2.79254e+10,0.997519,0.00124047,0.00124047
2.74789e+10,0.997486,0.00125698,0.00125698
2.70396e+10,0.997458,0.00127117,0.00127117
2.66073e+10,0.997434,0.00128283,0.00128283
2.61818e+10,0.997417,0.00129172,0.00129172
2.57632e+10,0.997405,0.00129763,0.00129763
2.53513e+10,0.997399,0.00130031,0.00130031
2.49459e+10,0.997401,0.00129956,0.00129956
2.45471e+10,0.99741,0.00129517,0.00129517
2.41546e+10,0.997426,0.00128693,0.00128693
2.37684e+10,0.997451,0.00127466,0.00127466
2.33884e+10,0.997484,0.00125819,0.00125819
2.30144e+10,0.997525,0.00123739,0.00123739
2.26464e+10,0.997576,0.00121214,0.00121214
2.22844e+10,0.997635,0.00118236,0.00118236
2.1928e+10,0.997704,0.00114801,0.00114801
2.15774e+10,0.997782,0.0011091,0.0011091
2.12324e+10,0.997869,0.00106568,0.00106568
2.0893e+10,0.997964,0.00101786,0.00101786
2.05589e+10,0.998068,0.000965816,0.000965816
2.02302e+10,0.99818,0.000909793,0.000909793
1.99067e+10,0.9983,0.000850109,0.000850109
1.95884e+10,0.998426,0.000787163,0.000787163
1.92752e+10,0.998557,0.000721441,0.000721441
1.89671e+10,0.998693,0.000653515,0.000653515
1.86638e+10,0.998832,0.000584057,0.000584057
1.83654e+10,0.998972,0.000513831,0.000513831
1.80717e+10,0.999113,0.0004437,0.0004437
1.77828e+10,0.999251,0.000374626,0.000374626
1.74985e+10,0.999385,0.000307665,0.000307665
1.72187e+10,0.999512,0.000243965,0.000243965
1.69434e+10,0.99963,0.000184758,0.000184758
1.66725e+10,0.999737,0.000131351,0.000131351
1.64059e+10,0.99983,8.51153e-05,8.51153e-05
1.61436e+10,0.999905,4.74665e-05,4.74665e-05
1.58855e+10,0.99996,1.9849e-05,1.9849e-05
1.56315e+10,0.999993,3.71119e-06,3.71119e-06
1.53815e+10,0.999999,4.79023e-07,4.79023e-07
1.51356e+10,0.999977,1.15251e-05,1.15251e-05
1.48936e+10,0.999924,3.81342e-05,3.81342e-05
1.46555e+10,0.999837,8.14649e-05,8.14649e-05
1.44212e+10,0.999715,0.000142508,0.000142508
1.41906e+10,0.999556,0.000222044,0.000222044
1.39637e+10,0.999359,0.000320592,0.000320592
1.37404e+10,0.999123,0.000438369,0.000438369
1.35207e+10,0.99885,0.000575237,0.000575237
1.33045e+10,0.998539,0.00073066,0.00073066
1.30918e+10,0.998193,0.000903658,0.000903658
1.28825e+10,0.997814,0.00109277,0.00109277
1.26765e+10,0.997408,0.00129604,0.00129604
1.24738e+10,0.996978,0.00151095,0.00151095
1.22744e+10,0.996531,0.00173445,0.00173445
1.20781e+10,0.996074,0.00196298,0.00196298
1.1885e+10,0.995615,0.00219244,0.00219244
1.1695e+10,0.995163,0.00241825,0.00241825
1.1508e+10,0.994729,0.00263545,0.00263545
1.1324e+10,0.994323,0.00283873,0.00283873
1.11429e+10,0.993955,0.00302259,0.00302259
1.09648e+10,0.993637,0.00318147,0.00318147
1.07895e+10,0.99338,0.0033099,0.0033099
1.0617e+10,0.993195,0.00340269,0.00340269
1.04472e+10,0.99309,0.00345518,0.00345518
1.02802e+10,0.993073,0.00346341,0.00346341
1.01158e+10,0.993151,0.0034244,0.0034244
9.95405e+09,0.993327,0.00333639,0.00333639
9.7949e+09,0.993602,0.00319905,0.00319905
9.63829e+09,0.993973,0.0030137,0.0030137
9.48418e+09,0.994433,0.00278351,0.00278351
9.33254e+09,0.994973,0.0025136,0.0025136
9.18333e+09,0.995578,0.00221113,0.00221113
9.03649e+09,0.996229,0.00188527,0.00188527
8.89201e+09,0.996906,0.00154706,0.00154706
8.74984e+09,0.997582,0.00120925,0.00120925
8.60994e+09,0.998228,0.000885874,0.000885874
8.47227e+09,0.998816,0.000591852,0.000591852
8.33681e+09,0.999315,0.000342339,0.000342339
8.20352e+09,0.999696,0.00015204,0.00015204
8.07235e+09,0.999931,3.43933e-05,3.43933e-05
7.94328e+09,0.999999,6.95192e-07,6.95192e-07
7.81628e+09,0.999882,5.91974e-05,5.91974e-05
7.6913e+09,0.999572,0.000214228,0.000214228
7.56833e+09,0.999069,0.000465403,0.000465403
7.44732e+09,0.998386,0.000806992,0.000806992
7.32825e+09,0.997545,0.00122752,0.00122752
7.21107e+09,0.996581,0.00170969,0.00170969
7.09578e+09,0.995539,0.00223065,0.00223065
6.98232e+09,0.994475,0.00276274,0.00276274
6.87068e+09,0.993451,0.00327472,0.00327472
6.76083e+09,0.992533,0.00373337,0.00373337
6.65273e+09,0.991789,0.00410567,0.00410567
6.54636e+09,0.991277,0.00436125,0.00436125
6.44169e+09,0.99105,0.00447508,0.00447508
6.3387e+09,0.99114,0.00443019,0.00443019
6.23735e+09,0.99156,0.0042202,0.0042202
6.13762e+09,0.992297,0.00385139,0.00385139
6.03949e+09,0.993312,0.00334398,0.00334398
5.94292e+09,0.994535,0.00273235,0.00273235
5.8479e+09,0.995872,0.00206405,0.00206405
5.7544e+09,0.997206,0.00139721,0.00139721
5.66239e+09,0.998407,0.000796576,0.000796576
5.57186e+09,0.999344,0.000328086,0.000328086
5.48277e+09,0.999895,5.23434e-05,5.23434e-05
5.39511e+09,0.999965,1.75171e-05,1.75171e-05
5.30884e+09,0.999495,0.000252334,0.000252334
5.22396e+09,0.99848,0.000760028,0.000760028
5.14044e+09,0.996972,0.00151419,0.00151419
5.05825e+09,0.995085,0.00245744,0.00245744
4.97737e+09,0.992993,0.00350374,0.00350374
4.89779e+09,0.990911,0.00454472,0.00454472
4.81948e+09,0.98908,0.00546018,0.00546018
4.74242e+09,0.987736,0.00613202,0.00613202
4.66659e+09,0.987079,0.00646048,0.00646048
4.59198e+09,0.987239,0.00638068,0.00638068
4.51856e+09,0.988246,0.00587713,0.00587713
4.44631e+09,0.990013,0.00499341,0.00499341
4.37522e+09,0.992331,0.00383443,0.00383443
4.30527e+09,0.994881,0.00255941,0.00255941
4.23643e+09,0.997271,0.0013646,0.0013646
4.16869e+09,0.999087,0.000456658,0.000456658
4.10204e+09,0.999961,1.93287e-05,1.93287e-05
4.03645e+09,0.999644,0.000178159,0.000178159
3.97192e+09,0.998061,0.000969416,0.000969416
3.90841e+09,0.99536,0.00232016,0.00232016
3.84592e+09,0.991908,0.00404585,0.00404585
3.78443e+09,0.988261,0.00586964,0.00586964
3.72392e+09,0.985072,0.00746407,0.00746407
3.66438e+09,0.982978,0.0085108,0.0085108
3.60579e+09,0.982462,0.00876893,0.00876893
3.54813e+09,0.983724,0.0081382,0.0081382
3.4914e+09,0.986598,0.00670111,0.00670111
3.43558e+09,0.990541,0.00472928,0.00472928
3.38065e+09,0.99471,0.00264512,0.00264512
3.3266e+09,0.998121,0.0009393,0.0009393
3.27341e+09,0.999887,5.66283e-05,5.66283e-05
3.22107e+09,0.99945,0.000274755,0.000274755
3.16957e+09,0.996784,0.00160809,0.00160809
3.11889e+09,0.992461,0.00376961,0.00376961
3.06902e+09,0.987573,0.00621364,0.00621364
3.01995e+09,0.983475,0.00826264,0.00826264
2.97167e+09,0.98141,0.00929525,0.00929525
2.92415e+09,0.982107,0.00894672,0.00894672
2.8774e+09,0.985485,0.00725761,0.00725761
2.83139e+09,0.990581,0.00470942,0.00470942
2.78612e+09,0.995775,0.00211246,0.00211246
2.74157e+09,0.999283,0.000358304,0.000358304
2.69774e+09,0.999793,0.000103608,0.000103608
2.65461e+09,0.99701,0.00149498,0.00149498
2.61216e+09,0.991894,0.00405288,0.00405288
2.5704e+09,0.986414,0.00679308,0.00679308
2.5293e+09,0.982841,0.00857936,0.00857936
2.48886e+09,0.982807,0.00859655,0.00859655
2.44906e+09,0.986496,0.00675211,0.00675211
2.40991e+09,0.992391,0.00380456,0.00380456
2.37137e+09,0.997792,0.0011041,0.0011041
2.33346e+09,1,4.4518e-10,4.4518e-10
2.29615e+09,0.997689,0.00115532,0.00115532
2.25944e+09,0.991771,0.00411433,0.00411433
2.22331e+09,0.985183,0.00740871,0.00740871
2.18776e+09,0.981504,0.00924802,0.00924802
2.15278e+09,0.982983,0.00850843,0.00850843
2.11836e+09,0.989027,0.00548647,0.00548647
2.08449e+09,0.996187,0.00190633,0.00190633
2.05116e+09,0.999946,2.70291e-05,2.70291e-05
2.01837e+09,0.997494,0.00125282,0.00125282
1.98609e+09,0.989836,0.00508183,0.00508183
1.95434e+09,0.981624,0.00918798,0.00918798
1.92309e+09,0.97839,0.0108052,0.0108052
1.89234e+09,0.982676,0.00866175,0.00866175
1.86209e+09,0.991761,0.00411975,0.00411975
1.83231e+09,0.999035,0.000482732,0.000482732
1.80302e+09,0.998677,0.000661725,0.000661725
1.77419e+09,0.990427,0.00478651,0.00478651
1.74582e+09,0.980489,0.00975559,0.00975559
1.71791e+09,0.97704,0.0114801,0.0114801
1.69044e+09,0.98333,0.00833523,0.00833523
1.66341e+09,0.994212,0.00289405,0.00289405
1.63682e+09,0.999984,7.91748e-06,7.91748e-06
1.61065e+09,0.995132,0.00243411,0.00243411
1.58489e+09,0.984152,0.00792375,0.00792375
1.55955e+09,0.978,0.011,0.011
1.53462e+09,0.98329,0.0083548,0.0083548
1.51008e+09,0.99476,0.00262016,0.00262016
1.48594e+09,0.999952,2.37974e-05,2.37974e-05
1.46218e+09,0.992785,0.00360735,0.00360735
1.4388e+09,0.981361,0.00931944,0.00931944
1.41579e+09,0.979504,0.0102482,0.0102482
1.39316e+09,0.989943,0.00502843,0.00502843
1.37088e+09,0.99958,0.000209904,0.000209904
1.34896e+09,0.995238,0.00238123,0.00238123
1.32739e+09,0.981778,0.00911118,0.00911118
1.30617e+09,0.977355,0.0113223,0.0113223
1.28529e+09,0.988681,0.00565938,0.00565938
1.26474e+09,0.999697,0.000151634,0.000151634
1.24451e+09,0.993375,0.00331255,0.00331255
1.22462e+09,0.978198,0.0109012,0.0109012
1.20504e+09,0.977494,0.0112532,0.0112532
1.18577e+09,0.992923,0.00353862,0.00353862
1.16681e+09,0.999509,0.00024536,0.00024536
1.14815e+09,0.985886,0.00705699,0.00705699
1.1298e+09,0.975439,0.0122803,0.0122803
1.11173e+09,0.987072,0.00646381,0.00646381
1.09396e+09,0.999909,4.57008e-05,4.57008e-05
1.07647e+09,0.989945,0.00502755,0.00502755
1.05925e+09,0.976631,0.0116844,0.0116844
1.04232e+09,0.986887,0.00655658,0.00655658
1.02565e+09,0.999977,1.13398e-05,1.13398e-05
1.00925e+09,0.987897,0.00605169,0.00605169
9.93116e+08,0.976019,0.0119903,0.0119903
9.77237e+08,0.99081,0.00459501,0.00459501
9.61612e+08,0.999006,0.000497061,0.000497061
9.46237e+08,0.980382,0.009809,0.009809
9.31108e+08,0.977758,0.0111209,0.0111209
9.1622e+08,0.997812,0.00109379,0.00109379
9.01571e+08,0.991294,0.00435312,0.00435312
8.87156e+08,0.973938,0.0130308,0.0130308
8.72971e+08,0.990231,0.00488453,0.00488453
8.59014e+08,0.997811,0.00109467,0.00109467
8.45279e+08,0.97696,0.0115202,0.0115202
8.31764e+08,0.985517,0.00724152,0.00724152
8.18465e+08,0.999457,0.000271642,0.000271642
8.05378e+08,0.978796,0.0106018,0.0106018
7.92501e+08,0.984507,0.00774667,0.00774667
7.7983e+08,0.999375,0.000312458,0.000312458
7.67361e+08,0.976961,0.0115195,0.0115195
7.55092e+08,0.986128,0.00693601,0.00693601
7.43019e+08,0.997765,0.00111756,0.00111756
7.31139e+08,0.973761,0.0131194,0.0131194
7.19449e+08,0.991813,0.00409355,0.00409355
7.07946e+08,0.992102,0.00394916,0.00394916
6.96627e+08,0.97467,0.012665,0.012665
6.85488e+08,0.99922,0.000390057,0.000390057
6.74528e+08,0.980577,0.00971169,0.00971169
6.63743e+08,0.986036,0.00698211,0.00698211
6.53131e+08,0.995287,0.00235663,0.00235663
6.42688e+08,0.974502,0.0127492,0.0127492
6.32412e+08,0.999727,0.000136711,0.000136711
6.223e+08,0.976038,0.0119809,0.0119809
6.1235e+08,0.991848,0.004076,0.004076
6.0256e+08,0.986312,0.00684391,0.00684391
5.92925e+08,0.981641,0.0091796,0.0091796
5.83445e+08,0.995005,0.00249748,0.00249748
5.74116e+08,0.976292,0.011854,0.011854
5.64937e+08,0.998748,0.000625949,0.000625949
5.55904e+08,0.974191,0.0129047,0.0129047
5.47016e+08,0.999786,0.000107117,0.000107117
5.3827e+08,0.972796,0.0136019,0.0136019
5.29663e+08,0.999962,1.90346e-05,1.90346e-05
5.21195e+08,0.972302,0.0138488,0.0138488
5.12861e+08,0.999835,8.22583e-05,8.22583e-05
5.04661e+08,0.973433,0.0132836,0.0132836
4.96592e+08,0.998485,0.000757343,0.000757343
4.88652e+08,0.976794,0.0116031,0.0116031
4.80839e+08,0.993242,0.00337889,0.00337889
4.73151e+08,0.984026,0.00798703,0.00798703
4.65586e+08,0.982815,0.00859248,0.00859248
4.58142e+08,0.994847,0.00257664,0.00257664
4.50817e+08,0.973145,0.0134273,0.0134273
4.43609e+08,0.99971,0.000145106,0.000145106
4.36516e+08,0.977651,0.0111746,0.0111746
4.29536e+08,0.986241,0.00687927,0.00687927
4.22669e+08,0.996067,0.00196629,0.00196629
4.15911e+08,0.972015,0.0139926,0.0139926
4.09261e+08,0.99425,0.00287509,0.00287509
4.02717e+08,0.990275,0.00486269,0.00486269
3.96278e+08,0.972705,0.0136473,0.0136473
3.89942e+08,0.995066,0.00246697,0.00246697
3.83707e+08,0.992725,0.00363761,0.00363761
3.77572e+08,0.97225,0.0138748,0.0138748
3.71535e+08,0.987384,0.00630797,0.00630797
3.65595e+08,0.999285,0.000357492,0.000357492
3.59749e+08,0.979964,0.0100181,0.0100181
3.53997e+08,0.973923,0.0130384,0.0130384
3.48337e+08,0.991926,0.0040371,0.0040371
3.42768e+08,0.99932,0.000339758,0.000339758
3.37287e+08,0.983822,0.00808897,0.00808897
3.31894e+08,0.971606,0.0141972,0.0141972
3.26588e+08,0.979712,0.0101439,0.0101439
3.21366e+08,0.994669,0.00266526,0.00266526
3.16228e+08,0.999873,6.35889e-05,6.35889e-05
3.11172e+08,0.992094,0.00395282,0.00395282
3.06196e+08,0.979562,0.010219,0.010219
3.01301e+08,0.972424,0.0137882,0.0137882
2.96483e+08,0.972971,0.0135143,0.0135143
2.91743e+08,0.977976,0.0110121,0.0110121
2.87078e+08,0.984647,0.00767638,0.00767638
2.82488e+08,0.990915,0.0045424,0.0045424
2.77971e+08,0.995175,0.00241255,0.00241255
2.73527e+08,0.997351,0.0013247,0.0013247
2.69153e+08,0.998299,0.000850659,0.000850659
2.6485e+08,0.99861,0.00069487,0.00069487
2.60615e+08,0.998332,0.000834041,0.000834041
2.56448e+08,0.997075,0.00146269,0.00146269
2.52348e+08,0.994193,0.00290329,0.00290329
2.48313e+08,0.989289,0.00535539,0.00535539
2.44343e+08,0.98264,0.00868024,0.00868024
2.40436e+08,0.975611,0.0121943,0.0121943
2.36592e+08,0.971516,0.0142422,0.0142422
2.32809e+08,0.975003,0.0124985,0.0124985
2.29087e+08,0.987063,0.00646858,0.00646858
2.25424e+08,0.99881,0.000595016,0.000595016
2.2182e+08,0.995931,0.00203429,0.00203429
2.18273e+08,0.978669,0.0106654,0.0106654
2.14783e+08,0.971836,0.0140819,0.0140819
2.11349e+08,0.989823,0.00508868,0.00508868
2.0797e+08,0.99889,0.00055513,0.00055513
2.04644e+08,0.977179,0.0114107,0.0114107
2.01372e+08,0.977376,0.0113122,0.0113122
1.98153e+08,0.999911,4.47291e-05,4.47291e-05
1.94984e+08,0.978337,0.0108316,0.0108316
1.91867e+08,0.981085,0.00945759,0.00945759
1.88799e+08,0.997474,0.00126292,0.00126292
1.8578e+08,0.970777,0.0146116,0.0146116
1.8281e+08,0.999245,0.000377294,0.000377294
1.79887e+08,0.973247,0.0133764,0.0133764
1.77011e+08,0.997149,0.00142561,0.00142561
1.74181e+08,0.973344,0.0133282,0.0133282
1.71396e+08,0.999138,0.000431174,0.000431174
1.68655e+08,0.970652,0.0146741,0.0146741
1.65959e+08,0.997848,0.00107618,0.00107618
1.63305e+08,0.981055,0.00947249,0.00947249
1.60694e+08,0.97773,0.0111349,0.0111349
1.58125e+08,1,2.24409e-08,2.24409e-08
1.55597e+08,0.98017,0.00991521,0.00991521
1.53109e+08,0.973101,0.0134493,0.0134493
1.50661e+08,0.993502,0.00324906,0.00324906
1.48252e+08,0.998612,0.000694083,0.000694083
1.45881e+08,0.983954,0.00802297,0.00802297
1.43549e+08,0.971917,0.0140416,0.0140416
1.41254e+08,0.972215,0.0138926,0.0138926
1.38995e+08,0.978934,0.0105332,0.0105332
1.36773e+08,0.985793,0.00710327,0.00710327
1.34586e+08,0.989891,0.00505458,0.00505458
1.32434e+08,0.990991,0.00450445,0.00450445
1.30317e+08,0.989476,0.00526185,0.00526185
1.28233e+08,0.984572,0.00771377,0.00771377
1.26183e+08,0.977468,0.0112658,0.0112658
1.24165e+08,0.970912,0.0145439,0.0145439
1.2218e+08,0.974276,0.012862,0.012862
1.20226e+08,0.990021,0.0049897,0.0049897
1.18304e+08,0.999818,9.07572e-05,9.07572e-05
1.16413e+08,0.981891,0.00905432,0.00905432
1.14551e+08,0.972589,0.0137056,0.0137056
1.1272e+08,0.998005,0.000997441,0.000997441
1.10917e+08,0.98189,0.0090548,0.0090548
1.09144e+08,0.98045,0.00977504,0.00977504
1.07399e+08,0.994073,0.00296369,0.00296369
1.05682e+08,0.975537,0.0122315,0.0122315
1.03992e+08,0.992531,0.00373449,0.00373449
1.02329e+08,0.984088,0.00795618,0.00795618
1.00693e+08,0.976378,0.0118112,0.0118112
9.90832e+07,0.99999,4.94624e-06,4.94624e-06
9.7499e+07,0.980917,0.00954163,0.00954163
9.59401e+07,0.971274,0.0143632,0.0143632
9.44061e+07,0.986886,0.00655722,0.00655722
9.28966e+07,0.99878,0.000609873,0.000609873
9.14113e+07,0.99908,0.000459966,0.000459966
8.99498e+07,0.995138,0.00243122,0.00243122
8.85116e+07,0.993101,0.00344972,0.00344972
8.70964e+07,0.994722,0.00263924,0.00263924
8.57038e+07,0.998581,0.000709468,0.000709468
8.43335e+07,0.999289,0.000355305,0.000355305
8.29851e+07,0.987898,0.0060508,0.0060508
8.16582e+07,0.971451,0.0142743,0.0142743
8.03526e+07,0.981951,0.00902438,0.00902438
7.90679e+07,0.999462,0.000269064,0.000269064
7.78037e+07,0.971932,0.0140338,0.0140338
7.65597e+07,0.994696,0.00265178,0.00265178
7.53356e+07,0.976317,0.0118416,0.0118416
7.4131e+07,0.997219,0.00139045,0.00139045
7.29458e+07,0.970218,0.0148911,0.0148911
7.17794e+07,0.991986,0.00400723,0.00400723
7.06318e+07,0.997076,0.00146181,0.00146181
6.95024e+07,0.979146,0.0104268,0.0104268
6.83912e+07,0.970594,0.0147031,0.0147031
6.72977e+07,0.971367,0.0143167,0.0143167
6.62217e+07,0.97246,0.0137701,0.0137701
6.51628e+07,0.970933,0.0145335,0.0145335
6.4121e+07,0.97094,0.0145298,0.0145298
6.30957e+07,0.98243,0.00878496,0.00878496
6.20869e+07,0.999508,0.00024597,0.00024597
6.10942e+07,0.983658,0.00817091,0.00817091
6.01174e+07,0.97567,0.0121652,0.0121652
5.91562e+07,0.997749,0.00112532,0.00112532
5.82103e+07,0.973448,0.0132759,0.0132759
5.72796e+07,0.989608,0.00519597,0.00519597
5.63638e+07,0.995162,0.00241886,0.00241886
5.54626e+07,0.973633,0.0131837,0.0131837
5.45758e+07,0.971501,0.0142497,0.0142497
5.37032e+07,0.977882,0.0110589,0.0110589
5.28445e+07,0.979731,0.0101347,0.0101347
5.19996e+07,0.975032,0.0124838,0.0124838
5.11682e+07,0.970217,0.0148913,0.0148913
5.03501e+07,0.983671,0.00816455,0.00816455
4.9545e+07,0.999413,0.000293489,0.000293489
4.87528e+07,0.971199,0.0144005,0.0144005
4.79733e+07,0.998385,0.000807515,0.000807515
4.72063e+07,0.970114,0.0149432,0.0149432
4.64515e+07,0.992945,0.00352737,0.00352737
4.57088e+07,0.998018,0.000990755,0.000990755
4.4978e+07,0.986627,0.00668673,0.00668673
4.42588e+07,0.981337,0.0093317,0.0093317
4.35512e+07,0.985187,0.00740633,0.00740633
4.28549e+07,0.996587,0.00170663,0.00170663
4.21697e+07,0.995398,0.00230076,0.00230076
4.14954e+07,0.970414,0.0147929,0.0147929
4.08319e+07,0.997742,0.00112916,0.00112916
4.01791e+07,0.970618,0.014691,0.014691
3.95367e+07,0.996366,0.00181677,0.00181677
3.89045e+07,0.995687,0.00215638,0.00215638
3.82825e+07,0.984803,0.00759856,0.00759856
3.76704e+07,0.983327,0.00833643,0.00833643
3.70681e+07,0.992145,0.00392752,0.00392752
3.64754e+07,0.999499,0.000250464,0.000250464
3.58922e+07,0.974713,0.0126433,0.0126433
3.53183e+07,0.991397,0.00430169,0.00430169
3.47536e+07,0.973484,0.0132579,0.0132579
3.41979e+07,0.998012,0.00099391,0.00099391
3.36512e+07,0.997186,0.00140721,0.00140721
3.31131e+07,0.99348,0.00325996,0.00325996
3.25837e+07,0.998113,0.000943297,0.000943297
3.20627e+07,0.995638,0.00218114,0.00218114
3.155e+07,0.970397,0.0148014,0.0148014
3.10456e+07,0.998854,0.000573227,0.000573227
3.05492e+07,0.970719,0.0146404,0.0146404
3.00608e+07,0.980304,0.00984818,0.00984818
2.95801e+07,0.990119,0.00494038,0.00494038
2.91072e+07,0.986607,0.00669649,0.00669649
2.86418e+07,0.971933,0.0140333,0.0140333
2.81838e+07,0.985213,0.00739366,0.00739366
2.77332e+07,0.986105,0.00694728,0.00694728
2.72898e+07,0.99586,0.00206998,0.00206998
2.68534e+07,0.978295,0.0108527,0.0108527
2.64241e+07,0.974852,0.0125739,0.0125739
2.60016e+07,0.984953,0.00752327,0.00752327
2.55859e+07,0.999698,0.000150951,0.000150951
2.51768e+07,0.970079,0.0149604,0.0149604
2.47742e+07,0.99712,0.00143983,0.00143983
2.43781e+07,0.996697,0.00165133,0.00165133
2.39883e+07,0.994487,0.00275634,0.00275634
2.36048e+07,0.999994,3.13439e-06,3.13439e-06
2.32274e+07,0.977728,0.0111359,0.0111359
2.2856e+07,0.993125,0.00343757,0.00343757
2.24905e+07,0.970456,0.014772,0.014772
2.21309e+07,0.971587,0.0142065,0.0142065
2.17771e+07,0.969965,0.0150174,0.0150174
2.14289e+07,0.988141,0.00592949,0.00592949
2.10863e+07,0.984061,0.00796957,0.00796957
2.07491e+07,0.998912,0.000544173,0.000544173
2.04174e+07,0.99173,0.00413488,0.00413488
2.00909e+07,0.998078,0.000961144,0.000961144
1.97697e+07,0.987263,0.0063683,0.0063683
1.94536e+07,0.984939,0.00753045,0.00753045
1.91426e+07,0.970009,0.0149955,0.0149955
1.88365e+07,0.97046,0.0147702,0.0147702
1.85353e+07,0.976353,0.0118237,0.0118237
1.8239e+07,0.998287,0.000856412,0.000856412
1.79473e+07,0.983612,0.00819379,0.00819379
1.76604e+07,0.974828,0.012586,0.012586
1.7378e+07,0.986921,0.00653925,0.00653925
1.71002e+07,0.993375,0.00331227,0.00331227
1.68267e+07,0.988718,0.00564086,0.00564086
1.65577e+07,0.978472,0.0107642,0.0107642
1.6293e+07,0.99187,0.00406475,0.00406475
1.60325e+07,0.986398,0.00680099,0.00680099
1.57761e+07,0.997704,0.00114821,0.00114821
1.55239e+07,0.994391,0.00280461,0.00280461
1.52757e+07,0.998135,0.000932417,0.000932417
1.50314e+07,0.971898,0.014051,0.014051
1.47911e+07,0.974771,0.0126147,0.0126147
1.45546e+07,0.970842,0.0145789,0.0145789
1.43219e+07,0.990767,0.00461641,0.00461641
1.40929e+07,0.970049,0.0149753,0.0149753
1.38676e+07,0.970635,0.0146823,0.0146823
1.36458e+07,0.983163,0.00841867,0.00841867
1.34276e+07,0.97829,0.010855,0.010855
1.3213e+07,0.986441,0.00677969,0.00677969
1.30017e+07,0.970238,0.014881,0.014881
1.27938e+07,0.999704,0.000148113,0.000148113
1.25893e+07,0.998529,0.000735531,0.000735531
1.2388e+07,0.992551,0.00372462,0.00372462
1.21899e+07,0.984749,0.00762543,0.00762543
1.1995e+07,0.978587,0.0107067,0.0107067
1.18032e+07,0.999719,0.000140677,0.000140677
1.16145e+07,0.97402,0.0129902,0.0129902
1.14288e+07,0.975318,0.0123408,0.0123408
1.1246e+07,0.999688,0.00015599,0.00015599
1.10662e+07,0.990135,0.00493253,0.00493253
1.08893e+07,0.999645,0.00017737,0.00017737
1.07152e+07,0.970016,0.0149921,0.0149921
1.05439e+07,0.970208,0.0148962,0.0148962
1.03753e+07,0.99179,0.00410483,0.00410483
1.02094e+07,0.972435,0.0137826,0.0137826
1.00462e+07,0.987855,0.00607235,0.00607235
9.88553e+06,0.973144,0.0134282,0.0134282
9.72747e+06,0.970999,0.0145005,0.0145005
9.57194e+06,0.998282,0.000859018,0.000859018
9.4189e+06,0.994135,0.00293247,0.00293247
9.2683e+06,0.98594,0.00702984,0.00702984
9.12011e+06,0.997872,0.00106381,0.00106381
8.97429e+06,0.972733,0.0136335,0.0136335
8.8308e+06,0.990314,0.00484313,0.00484313
8.6896e+06,0.970221,0.0148893,0.0148893
8.55067e+06,0.986404,0.0067978,0.0067978
8.41395e+06,0.969902,0.0150491,0.0150491
8.27942e+06,0.982394,0.00880284,0.00880284
8.14704e+06,0.971273,0.0143635,0.0143635
8.01678e+06,0.973665,0.0131675,0.0131675
7.8886e+06,0.98347,0.00826494,0.00826494
7.76247e+06,0.974353,0.0128237,0.0128237
7.63836e+06,0.998651,0.000674495,0.000674495
7.51623e+06,0.998584,0.000707978,0.000707978
7.39605e+06,0.975357,0.0123215,0.0123215
7.2778e+06,0.988545,0.00572731,0.00572731
7.16143e+06,0.970061,0.0149695,0.0149695
7.04693e+06,0.994315,0.00284241,0.00284241
6.93426e+06,0.989247,0.00537642,0.00537642
6.82339e+06,0.975942,0.0120289,0.0120289
6.71429e+06,0.970232,0.0148842,0.0148842
6.60693e+06,0.975856,0.0120718,0.0120718
6.5013e+06,0.991263,0.00436839,0.00436839
6.39735e+06,0.999023,0.000488457,0.000488457
6.29506e+06,0.983435,0.00828269,0.00828269
6.19441e+06,0.989176,0.0054122,0.0054122
6.09537e+06,0.974952,0.0125242,0.0125242
5.99791e+06,0.98706,0.00647015,0.00647015
5.90201e+06,0.9898,0.00509976,0.00509976
5.80764e+06,0.997047,0.00147632,0.00147632
5.71479e+06,0.994791,0.00260467,0.00260467
5.62341e+06,0.99812,0.000939783,0.000939783
5.5335e+06,0.970288,0.0148558,0.0148558
5.44503e+06,0.987641,0.00617966,0.00617966
5.35797e+06,0.995891,0.00205449,0.00205449
5.2723e+06,0.987606,0.00619687,0.00619687
5.188e+06,0.96992,0.0150401,0.0150401
5.10505e+06,0.999866,6.70907e-05,6.70907e-05
5.02343e+06,0.973214,0.0133931,0.0133931
4.94311e+06,0.973569,0.0132154,0.0132154
4.86407e+06,0.980314,0.00984285,0.00984285
4.7863e+06,0.977331,0.0113345,0.0113345
4.70977e+06,0.970047,0.0149765,0.0149765
4.63447e+06,0.981158,0.00942097,0.00942097
4.56037e+06,0.999867,6.64154e-05,6.64154e-05
4.48745e+06,0.973017,0.0134916,0.0134916
4.4157e+06,0.991078,0.00446096,0.00446096
4.3451e+06,0.98302,0.00849013,0.00849013
4.27563e+06,0.983991,0.00800438,0.00800438
4.20727e+06,0.988695,0.00565245,0.00565245
4.14e+06,0.977163,0.0114186,0.0114186
4.0738e+06,0.997901,0.00104961,0.00104961
4.00867e+06,0.970418,0.0147908,0.0147908
3.94457e+06,0.986132,0.006934,0.006934
3.8815e+06,0.999929,3.5403e-05,3.5403e-05
3.81944e+06,0.996828,0.00158615,0.00158615
3.75837e+06,0.996744,0.00162778,0.00162778
3.69828e+06,0.999744,0.000127753,0.000127753
3.63915e+06,0.978418,0.010791,0.010791
3.58096e+06,0.988467,0.00576647,0.00576647
3.52371e+06,0.970669,0.0146654,0.0146654
3.46737e+06,0.978415,0.0107927,0.0107927
3.41193e+06,0.971407,0.0142963,0.0142963
3.35738e+06,0.988357,0.00582146,0.00582146
3.3037e+06,0.971787,0.0141065,0.0141065
3.25087e+06,0.976465,0.0117673,0.0117673
3.1989e+06,0.97202,0.0139898,0.0139898
3.14775e+06,0.992715,0.00364274,0.00364274
3.09742e+06,0.997171,0.00141439,0.00141439
3.04789e+06,0.971977,0.0140114,0.0140114
2.99916e+06,0.995051,0.00247455,0.00247455
2.95121e+06,0.982461,0.0087697,0.0087697
2.90402e+06,0.995115,0.00244271,0.00244271
2.85759e+06,0.998644,0.000678033,0.000678033
2.8119e+06,0.969885,0.0150573,0.0150573
2.76694e+06,0.971369,0.0143156,0.0143156
2.7227e+06,0.989883,0.00505856,0.00505856
2.67917e+06,0.97322,0.0133899,0.0133899
2.63633e+06,0.991159,0.00442041,0.00442041
2.59418e+06,0.972425,0.0137877,0.0137877
2.5527e+06,0.976377,0.0118114,0.0118114
2.51189e+06,0.973422,0.0132889,0.0132889
2.47172e+06,0.991729,0.00413557,0.00413557
2.4322e+06,0.999971,1.45975e-05,1.45975e-05
2.39332e+06,0.997817,0.00109167,0.00109167
2.35505e+06,0.974113,0.0129433,0.0129433
2.31739e+06,0.994021,0.00298944,0.00298944
2.28034e+06,0.969938,0.0150311,0.0150311
2.24388e+06,0.985838,0.00708083,0.00708083
2.208e+06,0.997566,0.00121689,0.00121689
2.1727e+06,0.999985,7.37643e-06,7.37643e-06
2.13796e+06,0.999399,0.000300725,0.000300725
2.10378e+06,0.997302,0.001349,0.001349
2.07014e+06,0.991327,0.00433655,0.00433655
2.03704e+06,0.977779,0.0111104,0.0111104
2.00447e+06,0.971529,0.0142355,0.0142355
1.97242e+06,0.999407,0.000296594,0.000296594
1.94089e+06,0.969858,0.015071,0.015071
1.90985e+06,0.984814,0.00759311,0.00759311
1.87932e+06,0.985994,0.00700276,0.00700276
1.84927e+06,0.969858,0.015071,0.015071
1.8197e+06,0.998378,0.000811035,0.000811035
1.79061e+06,0.999998,1.07308e-06,1.07308e-06
1.76198e+06,0.979605,0.0101974,0.0101974
1.7338e+06,0.999437,0.0002816,0.0002816
1.70608e+06,0.985368,0.00731617,0.00731617
1.6788e+06,0.999339,0.000330451,0.000330451
1.65196e+06,0.989016,0.00549208,0.00549208
1.62555e+06,0.999333,0.000333534,0.000333534
1.59956e+06,0.969958,0.0150212,0.0150212
1.57398e+06,0.977006,0.0114971,0.0114971
1.54882e+06,0.969987,0.0150065,0.0150065
1.52405e+06,0.994506,0.0027469,0.0027469
1.49968e+06,0.971075,0.0144625,0.0144625
1.47571e+06,0.992923,0.00353849,0.00353849
1.45211e+06,0.999969,1.55337e-05,1.55337e-05
1.42889e+06,0.995568,0.00221602,0.00221602
1.40605e+06,0.986638,0.00668092,0.00668092
1.38357e+06,0.97402,0.0129902,0.0129902
1.36144e+06,0.973641,0.0131793,0.0131793
1.33968e+06,0.99998,1.02068e-05,1.02068e-05
1.31826e+06,0.970876,0.0145621,0.0145621
1.29718e+06,0.974686,0.0126569,0.0126569
1.27644e+06,0.970053,0.0149736,0.0149736
1.25603e+06,0.998504,0.000747899,0.000747899
1.23595e+06,0.988319,0.00584059,0.00584059
1.21619e+06,0.996985,0.00150747,0.00150747
1.19674e+06,0.998706,0.000646894,0.000646894
1.17761e+06,0.977117,0.0114416,0.0114416
1.15878e+06,0.97462,0.0126898,0.0126898
1.14025e+06,0.997554,0.001223,0.001223
1.12202e+06,0.971019,0.0144906,0.0144906
1.10408e+06,0.993313,0.00334374,0.00334374
1.08643e+06,0.999996,1.76877e-06,1.76877e-06
1.06905e+06,0.997955,0.00102246,0.00102246
1.05196e+06,0.992206,0.00389711,0.00389711
1.03514e+06,0.978571,0.0107144,0.0107144
1.01859e+06,0.97264,0.0136799,0.0136799
1.00231e+06,0.998394,0.000802852,0.000802852
986279,0.990896,0.00455209,0.00455209
970510,0.99652,0.00174014,0.00174014
954993,0.974669,0.0126655,0.0126655
939723,0.978101,0.0109494,0.0109494
924698,0.992132,0.00393388,0.00393388
909913,0.999446,0.000276872,0.000276872
895365,0.987941,0.00602949,0.00602949
881049,0.973829,0.0130854,0.0130854
866962,0.992446,0.00377683,0.00377683
853100,0.988189,0.00590537,0.00590537
839460,0.973206,0.013397,0.013397
826038,0.997477,0.00126155,0.00126155
812831,0.985264,0.00736807,0.00736807
799834,0.977895,0.0110524,0.0110524
787046,0.998816,0.000592218,0.000592218
774462,0.974713,0.0126433,0.0126433
762079,0.993493,0.00325339,0.00325339
749894,0.977678,0.011161,0.011161
737904,0.990073,0.0049637,0.0049637
726106,0.969894,0.015053,0.015053
714496,0.981786,0.00910716,0.00910716
703072,0.997344,0.00132824,0.00132824
691831,0.992055,0.00397236,0.00397236
680769,0.973805,0.0130976,0.0130976
669885,0.976563,0.0117183,0.0117183
659174,0.970574,0.0147128,0.0147128
648634,0.99947,0.000265199,0.000265199
638263,0.987326,0.00633701,0.00633701
628058,0.996885,0.00155765,0.00155765
618016,0.988677,0.00566128,0.00566128
608135,0.973146,0.013427,0.013427
598412,0.999819,9.04831e-05,9.04831e-05
588844,0.989589,0.00520555,0.00520555
579429,0.992596,0.00370211,0.00370211
570164,0.985178,0.00741093,0.00741093
561048,0.993237,0.00338147,0.00338147
552077,0.97902,0.0104899,0.0104899
543250,0.999473,0.000263445,0.000263445
534564,0.997207,0.00139658,0.00139658
526017,0.986274,0.00686305,0.00686305
517607,0.969849,0.0150755,0.0150755
509331,0.999855,7.24729e-05,7.24729e-05
501187,0.998849,0.000575739,0.000575739
493174,0.973814,0.0130928,0.0130928
485289,0.96986,0.0150702,0.0150702
477529,0.971947,0.0140264,0.0140264
469894,0.981391,0.00930443,0.00930443
462381,0.984216,0.00789177,0.00789177
454988,0.970076,0.0149618,0.0149618
447713,0.998025,0.000987745,0.000987745
440555,0.985837,0.00708167,0.00708167
433511,0.997044,0.00147819,0.00147819
426580,0.991606,0.00419679,0.00419679
419759,0.971116,0.0144419,0.0144419
413048,0.969868,0.0150661,0.0150661
406443,0.986596,0.00670214,0.00670214
399945,0.97093,0.0145348,0.0145348
393550,0.99948,0.000259962,0.000259962
387258,0.973609,0.0131956,0.0131956
381066,0.98651,0.00674525,0.00674525
374973,0.974869,0.0125653,0.0125653
368978,0.974904,0.0125482,0.0125482
363078,0.999278,0.000361004,0.000361004
357273,0.979469,0.0102653,0.0102653
351560,0.974755,0.0126226,0.0126226
345939,0.996253,0.00187375,0.00187375
340408,0.999376,0.000312031,0.000312031
334965,0.975983,0.0120086,0.0120086
329610,0.969877,0.0150617,0.0150617
324340,0.975127,0.0124365,0.0124365
319154,0.999105,0.000447592,0.000447592
314051,0.975779,0.0121104,0.0121104
309030,0.999507,0.000246279,0.000246279
304089,0.996844,0.00157789,0.00157789
299226,0.97955,0.0102252,0.0102252
294442,0.989317,0.00534129,0.00534129
289734,0.989954,0.00502287,0.00502287
285102,0.971093,0.0144533,0.0144533
280543,0.978521,0.0107395,0.0107395
276058,0.979218,0.0103908,0.0103908
271644,0.988545,0.00572774,0.00572774
267301,0.999999,5.41411e-07,5.41411e-07
263027,0.988911,0.00554443,0.00554443
258821,0.977243,0.0113784,0.0113784
254683,0.975209,0.0123956,0.0123956
250611,0.972916,0.0135419,0.0135419
246604,0.988494,0.00575288,0.00575288
242661,0.975198,0.0124011,0.0124011
238781,0.995432,0.00228421,0.00228421
234963,0.989146,0.00542688,0.00542688
231206,0.976547,0.0117265,0.0117265
227510,0.999989,5.44911e-06,5.44911e-06
223872,0.994161,0.00291931,0.00291931
220293,0.974032,0.012984,0.012984
216770,0.999917,4.1382e-05,4.1382e-05
213304,0.974269,0.0128653,0.0128653
